3810
9694
6917
7235
6934
1881
2451
6270
9827
3680
7213
4772
4864
7293
8098
9228
5529
1855
1237
8109
0
1674
4401
680
5654
290
4632
7903
2477
5567
8784
999
3736
7555
849
8860
1503
3495
896
502
5646
8715
4892
2030
5836
8989
1873
8852
4621
3182
3220
6762
4754
3948
6200
4920
2309
8759
6549
5361
8556
4834
5715
6719
7305
807
158
5774
4941
6832
2488
320
3628
511
244
3164
205
1637
1423
4453
3566
6847
1750
4702
2900
8037
2536
1613
3189
3737
5015
5429
9480
6912
9079
2051
4527
496
468
6524
2495
432
7407
4277
8199
3451
958
6018
4123
8398
9434
1751
9366
5373
655
2527
3817
8653
5850
2904
9209
7236
5153
5260
3747
4040
7103
2319
8168
1501
8065
1740
1377
6469
8699
4288
8519
7968
6992
7527
5909
2429
7540
1611
5221
9918
1738
3394
5685
5645
9818
2340
5770
3815
5426
774
6386
6084
9370
7858
2623
1018
4240
4899
4338
3049
3031
8105
6484
3374
9175
3637
6411
5895
5116
7353
3224
6303
5306
3127
4737
3128
6187
1250
5664
4507
3262
3440
8008
6651
462
7243
6245
2344
6778
5375
1877
751
4075
9782
6202
9574
9529
5688
7264
7819
6838
7116
1737
781
9953
1278
1143
7948
3131
4434
6423
4370
326
5004
2310
7458
86
7232
7821
7586
6676
5338
6099
9564
5110
6199
1245
8650
8408
9582
5673
2529
5130
4501
527
1217
7961
7705
469
6732
3775
7358
3026
7880
1394
9410
277
2254
7301
2535
841
5630
6534
5872
8878
2662
2990
9775
3783
8251
6368
3713
513
4316
6118
3492
599
7567
2426
6667
3553
1726
4103
7422
4522
2915
1556
5897
4614
6716
4084
5247
7355
7304
7813
8336
7603
7029
7751
3687
3838
2983
8976
5355
9040
4649
362
6586
6243
6073
324
6287
2890
3105
3561
9181
8520
6301
821
542
8539
1524
2069
1965
6680
2072
9848
2141
9148
8815
3000
5356
284
8302
4238
9810
6171
549
8176
6725
8112
2846
7027
6959
7075
4856
6770
8
864
233
2442
4938
2881
8306
9967
3013
592
3869
8444
1246
2265
2401
8669
6286
8850
2053
7848
1623
2369
4991
7885
5374
2351
4818
7906
9613
6665
6453
9847
59
8003
9073
7619
654
771
211
190
8659
410
1626
5547
3854
6055
6146
1753
5452
9137
9411
7339
5887
8075
766
8661
1550
9439
5663
74
2166
4725
7051
1547
197
8235
929
7191
5146
301
9584
4643
7124
719
388
3214
4362
6655
96
4093
1466
5364
2578
6087
314
1541
4553
3435
22
1822
2075
8633
2204
1860
3638
9843
5564
486
1179
4044
1527
5242
2763
6592
6726
3290
8000
3418
6439
315
5628
9879
9840
1065
8818
4731
2885
9914
1128
269
7183
926
7428
6285
8620
3721
3865
813
8527
8150
4391
6878
7541
5484
7918
6143
7211
4315
7112
9264
5325
7810
6363
7160
944
1008
4219
2175
6262
3305
3462
8741
5259
2329
3344
4751
5055
1357
5422
6780
1081
1148
7383
6957
7098
1467
7729
7556
5566
5583
9968
16
4037
9235
9399
6772
7280
684
5943
8402
2640
5919
3340
8180
1262
313
7073
2521
6533
2466
6164
2646
6232
4671
6405
767
871
7392
595
2510
381
2004
7685
1913
7431
7249
4158
6972
4007
8736
3443
5563
1003
4657
2304
249
2396
2907
8317
411
7281
9767
9057
1060
5420
2913
5469
5747
5309
4628
6327
3112
1085
8360
6842
2594
1183
5273
8204
8466
6
3807
6708
3757
9120
146
7538
7345
7636
9113
7550
355
4678
900
9552
5881
2208
7205
2029
429
7263
6656
3973
8311
9951
4503
9275
3893
5194
5145
5575
9880
4388
1489
7499
4859
9380
455
2884
2619
692
9980
2697
3133
9337
395
2079
4833
2929
2210
3281
827
3175
4027
1287
6544
318
7477
5187
7676
2706
3625
5121
5281
6806
1944
4268
4363
7817
4163
939
2483
1668
2814
6001
19
7547
4921
2202
1361
577
2871
6599
2142
7879
8657
7759
2014
9985
2183
2804
8233
1227
8717
7672
760
4886
6633
8510
9192
6346
1223
6007
7386
4756
3791
2095
8220
8735
9084
2627
3303
430
4755
6382
3467
1160
6891
9438
5875
7694
5729
1332
9556
2017
6670
4934
9553
5348
2523
4514
2827
3360
7048
7752
132
9737
5445
1202
4340
2148
8426
1504
9483
2774
4692
3157
1587
7159
1727
6383
1247
3718
5874
451
3375
5286
8810
4022
7045
7709
3700
1497
1648
8192
3806
8211
437
3416
5711
3999
4634
6217
8200
154
4417
8052
4783
1165
8118
4867
2886
1124
6911
7688
4537
6029
5135
76
8970
6908
8101
7094
6834
6159
9109
6621
7572
7808
3407
6531
4296
4068
3627
9712
7718
1921
3150
2103
6843
1953
7872
3624
9378
4666
180
9774
2567
6909
2667
659
4688
8292
374
2002
9857
9009
3415
4177
2956
5772
8056
9362
2924
75
8916
8754
7805
4197
3341
9691
5177
3786
6643
3464
421
9102
8877
396
630
9971
9660
5425
5387
8862
7732
3212
7934
7332
6004
5148
2743
5298
5519
6468
414
3285
8978
1000
1580
6086
3650
7765
2655
3351
9016
2608
6754
189
9928
9825
2174
2455
7298
6779
1125
7758
5653
1847
9842
4393
4686
8363
3486
7121
7830
470
261
1009
4124
9722
8445
2501
3771
6497
9575
9954
6722
1213
2031
2387
5157
505
1890
863
2676
5702
6988
5918
1356
9866
4282
5362
9095
2404
4981
2953
1464
6351
2018
3715
7457
4111
5290
4675
8384
4708
3130
3106
9777
6690
4919
3104
8772
657
5127
3309
8545
3903
7215
229
5164
5758
2992
392
7775
3862
961
1090
7824
3379
4317
6093
3146
2938
3025
8529
9238
9828
7944
2755
7992
4287
3958
3971
1516
7113
8622
4411
4498
2324
8591
406
1259
6717
2156
9265
1673
9407
1660
6345
5140
3070
2744
5913
1706
2472
1943
8222
8993
6216
1398
3466
672
1810
9316
1384
9319
9578
5253
7804
9150
9458
6434
980
7010
5289
9538
193
1406
8254
6357
8770
9806
7452
9858
1966
4010
5237
3380
8723
2591
9938
8477
9978
902
7772
967
8962
5391
6979
8690
9391
9982
7573
5521
835
5944
5114
9291
3408
9713
4263
3944
4272
8694
920
1481
2125
7038
3317
1765
297
4194
1836
7574
9122
3607
8248
4782
2925
5581
2599
7052
7501
9830
6919
5022
7671
3752
2892
9551
7898
7902
6529
7085
3441
3529
529
5117
6981
935
842
8442
246
4419
6642
2756
9127
5275
9347
3841
597
6582
7396
4771
598
9063
9924
1508
7405
1242
5878
1742
8809
8290
694
4031
7888
8601
4587
9348
4169
4890
1919
5189
517
4454
5377
3710
5888
7829
875
4548
8535
4909
9205
5195
6757
5267
6613
3535
9765
3902
1554
9363
4330
1612
4521
905
159
5612
8711
9447
3503
588
9972
3702
792
5620
1981
915
2063
9829
8683
9121
7342
9920
3929
4539
7372
3365
9467
8680
6659
7
5047
2685
389
3275
6180
9811
4736
565
2901
1897
3489
9221
5295
7815
5324
2427
9067
6125
8547
1548
2160
6820
2563
5171
1413
6971
8486
8158
797
3781
2050
3599
744
349
7410
6150
7242
1875
5185
3426
2898
5597
6415
5261
5463
8058
2386
9085
6081
7277
9808
1328
9795
3858
6201
728
9536
5892
5029
2178
9611
1970
4697
2206
7931
7245
6242
4106
5551
6962
1340
26
2055
7172
2176
9865
1553
8897
9696
8383
5678
9324
9675
576
9464
8599
4596
1643
6167
6163
8230
3656
1002
3101
4706
7467
9422
6502
9409
6853
8327
1843
8394
463
4814
2001
6321
5604
6114
9206
6156
5739
2249
1483
6429
1743
6053
7000
3823
6088
2179
6380
6632
7014
8294
7007
2229
730
6697
7797
8802
4918
6734
2693
7884
6078
1341
4525
5372
1711
5257
4750
6161
4515
1405
2654
5258
9007
226
2585
1360
2330
985
1364
4366
7251
8320
2216
1092
9950
4493
8732
9309
889
5483
5899
4399
1293
7792
3964
4230
3996
5173
7327
2439
4270
8411
6378
9855
8147
2011
7653
5292
3491
2123
5859
5282
3185
2579
8537
901
810
478
9433
6462
7046
519
5386
8247
1879
3406
8046
601
5105
2905
7512
2661
2137
6648
8322
3572
2048
7004
4987
4161
1832
6634
6827
5737
2000
6271
6454
9440
1015
5809
1625
2308
4024
420
7039
745
7897
3619
247
9036
5235
7132
7376
9114
2769
9082
8887
9140
5674
5982
9392
8430
6460
1408
906
6441
2725
3860
2995
5546
9540
1958
5092
1964
4446
7265
6653
4091
3954
8245
1927
2520
8553
9666
9719
3121
8128
1835
5076
4341
3766
7379
6983
3447
8287
9138
7875
5676
2993
9665
4850
6545
3283
5687
8743
9533
9011
3276
5968
7664
6246
5119
2566
9252
7991
6941
1420
2474
46
8766
2717
9408
382
4679
8225
5540
5506
5395
5723
2682
3284
9758
7285
6854
5846
8452
3458
9635
1509
6668
2333
2549
1032
2326
5201
780
5981
2811
6849
2555
5889
4150
2805
1833
5594
3829
1447
7319
2533
302
4652
9832
4415
183
9051
4310
1038
7606
2410
3703
8727
8979
3573
7867
7854
2833
2096
440
283
7779
1105
2815
8027
1444
8270
4989
2185
7615
6703
3077
6008
7466
3393
2154
5742
2009
9787
2822
5738
4373
690
1712
4
4871
6740
122
1480
4744
8831
4499
9831
8516
5172
345
6869
9170
2720
2371
6124
6637
8021
2267
3329
9645
1812
2803
4249
4655
3060
8679
5903
7627
351
811
8318
8313
8032
6023
5632
5828
3234
6747
9895
4990
4855
2112
7953
6470
4884
4685
1757
6048
7862
372
3442
1803
6601
4998
5252
5233
2318
9215
1436
3938
2902
4421
571
9346
386
9548
3192
4738
9783
874
7471
9619
3358
1989
1867
3259
9078
3795
2335
6565
5643
4096
1112
7222
1290
507
380
6168
9059
2547
1304
1109
1895
5182
9031
6036
3734
623
1591
8550
7859
9277
6413
7033
3580
3359
9481
9614
661
5672
3699
1210
3481
8689
5864
5432
4804
733
5061
2649
219
912
5012
7595
11
1214
3616
1622
2028
6085
1908
3005
4355
4571
3994
9577
9343
9143
6721
4204
6011
7545
147
3017
6096
9932
1381
112
6284
9401
954
1380
2375
2590
267
6017
3727
8080
1842
7838
714
4318
347
5995
6338
8264
1186
2398
6342
3992
1211
9441
9320
7524
8157
5478
4017
6252
7118
6459
600
2084
8038
3643
2184
1722
9550
9741
3472
6555
4858
2787
7114
5278
1173
1303
163
1249
943
1909
6622
1463
6012
7399
250
9071
6293
5898
7119
4208
876
1805
9387
8564
8722
9471
5120
689
9394
5351
8212
1710
4895
5264
1915
354
8703
278
7866
9673
4963
5585
5716
658
6686
556
8209
8312
6794
667
6111
908
213
6580
5906
8100
3248
3884
5608
6615
1434
5626
2741
1986
4165
3488
2413
9681
3981
7350
428
1679
3859
6186
1342
6812
8855
870
3880
9019
8262
9852
480
7735
3792
6561
1416
852
1314
4763
1647
1756
5732
133
2684
8765
2740
7217
2790
5810
2634
7600
4365
8116
2781
7110
1451
7549
8514
1880
2596
4633
4824
6977
9117
9601
4058
5109
5482
8998
6397
7323
7826
4266
5976
4511
3165
8108
1352
7925
8822
8341
5662
1781
9184
6560
8102
1029
240
5647
5756
9609
770
5862
4774
5773
2425
6006
865
294
1371
2584
9172
8941
151
3939
2449
4319
416
6744
1947
6344
3027
5562
5370
6308
8775
2565
4540
4647
5561
2872
1817
5574
1312
5050
4207
8983
4819
8475
7176
1001
3324
4877
8864
5524
6662
1819
1634
8664
4538
1200
4761
3646
1628
3635
7189
6720
4551
6309
7802
7827
4653
5466
858
4742
5442
8578
2358
1735
309
204
1948
3012
3258
3831
9214
8432
52
5940
4458
3151
6385
6410
2320
3724
5675
5166
7704
6671
8595
7198
4661
8605
7757
6967
7611
4246
8406
3513
9585
6590
9490
4641
4787
8733
3500
4033
6395
7669
4973
836
4256
7559
8244
7037
5408
4575
6267
4978
9002
3967
4629
2006
8898
6024
3008
773
6312
8298
3108
9901
2998
5333
2035
4331
7563
7196
178
5443
9629
3534
9111
1215
2638
4157
3068
3399
6918
646
44
5557
6546
5056
4019
753
1028
6196
9669
9086
2465
223
8701
5502
6075
2532
1604
3705
271
1739
4099
9008
5039
9792
126
9390
5204
4028
1800
7719
8582
8490
7178
6895
2650
701
5497
794
3698
3809
5079
8646
1746
776
4294
3982
9566
5398
7994
1690
3816
5665
9096
9197
6147
9621
642
7681
9430
6833
6706
1954
1768
1853
4593
8458
9618
5532
5781
1167
4704
7354
1680
1397
2723
5947
4004
6360
3539
569
4172
1666
4309
793
5468
1442
2288
2390
531
8413
1624
6174
130
887
3531
7337
9514
8124
9258
3610
6341
4351
9638
4387
3743
450
7314
7054
7144
7005
4061
1754
8515
1599
1122
4416
7692
6867
2893
8335
5002
9169
1156
9567
1542
5269
904
4353
103
54
2615
9979
9624
3644
2394
4668
7384
9587
9919
9729
7678
3297
9749
710
3322
6975
398
819
4248
3965
7214
8395
170
9653
1887
2468
6076
5667
3594
4959
8226
338
7509
3652
8837
8427
5677
8323
9882
9369
8305
6387
3845
5682
7717
8721
8785
762
8747
2844
5603
2066
8525
2824
8791
5077
7168
4113
9129
7955
734
7330
7762
1064
5031
9371
6828
495
3758
9013
5068
3423
2428
2851
8551
6364
4851
4662
7529
8565
5175
3087
7954
3274
5268
5465
5526
7601
8070
3014
7416
3892
1296
5721
2364
4042
1731
9959
892
6041
8682
5094
1035
7834
8433
7722
2709
5241
2500
303
5228
57
8234
2083
7645
7625
5277
1329
6928
32
2231
8304
222
6392
631
6264
8240
9341
6931
5142
2618
953
1661
709
4427
6893
6421
6872
7731
9740
7411
9520
6807
3377
3431
5492
7375
8190
9495
6759
4079
7311
3369
7349
941
3143
8216
216
6015
6054
7364
9913
1419
6508
8523
4490
4051
6223
8160
7158
6260
9289
7857
9965
328
4561
5287
1418
1564
8457
2545
6767
7497
9547
8194
8639
2045
5709
4752
6248
3804
1942
1500
3720
2518
7443
5156
9379
4986
2098
9081
2696
3465
5315
721
2560
9888
2675
8631
4597
7510
8807
641
4777
3630
8229
9400
2840
7977
5896
4450
7519
8666
7387
1318
1620
7296
1700
1807
2671
8182
5624
1616
238
5284
7150
5423
9134
6958
5550
4460
8130
6128
8933
1597
1914
2246
7476
391
9317
6122
7181
8208
3337
6417
6376
6009
6954
5768
8626
5376
370
2027
2341
2509
9450
3088
1834
5283
4519
4242
5470
3473
1646
9269
4562
2149
5975
3171
6173
3421
1372
5812
7310
9191
3502
1721
1168
7445
4073
785
2610
6425
8566
5761
3115
2015
4156
3468
9797
7374
8957
9443
7811
2025
9202
3962
5873
4545
4023
38
3176
7644
7462
6103
1159
6219
6925
3908
8967
3349
6487
6851
4667
9734
9726
1441
6193
4732
5530
6042
9449
9837
5689
834
9537
1275
7849
9580
6313
7836
1244
9287
2746
9222
7370
6866
522
9357
4085
9167
7630
8973
6965
7956
8588
5600
4648
2612
2544
5788
6026
7188
492
7740
1382
5559
5299
6818
7558
4803
9595
936
4250
2443
5651
8332
7520
5471
7641
1019
2959
7823
5352
9922
1203
2985
716
1407
868
6107
7980
9993
1166
1432
3362
348
9064
6824
9358
8249
265
4326
433
8730
7728
9517
465
3667
4186
8159
3813
5062
1741
3952
7924
9061
3796
3030
5344
3294
8417
5108
6899
3623
9240
1437
2453
7278
848
9494
3613
448
8421
1033
8919
5154
3528
1185
7221
7587
4677
6104
3857
9588
9974
6649
474
3543
9283
7203
635
9413
963
1126
8768
4384
6166
4395
8517
8331
3158
8749
2338
2873
1164
2088
3205
4278
6844
1555
2611
9600
3690
4082
5891
4847
1969
394
3585
8904
4110
619
666
5753
104
6177
7256
169
966
4491
3642
8681
5208
5023
10
1656
5500
8315
3849
5379
280
7492
7637
7812
3241
3325
6709
2219
1393
5444
2026
1054
5043
3563
2711
3785
1510
916
7560
7585
8071
3584
140
1748
6700
1872
3306
2668
3187
3292
9451
3278
5249
6102
7820
4623
1024
8698
7194
3383
8007
4142
8122
6660
6483
5525
8185
3949
7076
2932
3081
2702
3530
6109
7839
9652
8707
6644
4583
7210
1151
4136
9861
3181
2548
7253
4487
2928
6406
3456
4304
640
2274
5516
2582
7796
6371
7273
7777
2275
9146
1066
1316
3793
4354
5065
7190
7577
8796
5199
3011
2187
6787
5893
8377
2393
8903
2933
6306
1701
5037
7322
2242
3043
1678
1461
6645
8324
2526
5706
1040
3569
5005
9560
3778
1657
3763
740
1339
8843
1598
9474
9667
5509
1301
438
6077
1265
3376
2982
5017
4532
9800
538
8436
6066
7708
5554
4025
6738
2705
4279
508
8496
9165
9315
4792
8488
9310
6349
7271
4928
6409
6573
3800
2837
6886
9929
7786
8621
6184
898
2019
4211
7223
4237
2910
9273
3132
1770
1087
2367
6701
614
3586
6289
4241
9987
2797
1333
6471
9836
4636
9243
1788
1545
8853
4474
1084
8015
5931
5179
6499
1093
8081
6432
6937
3170
2238
2092
3356
236
9340
5477
2506
9097
9838
3240
8169
4174
9195
8767
3256
1422
4997
7701
5366
7579
6602
172
2289
4748
1471
8612
4613
2268
1885
2353
5413
3336
390
2049
1330
2489
6650
6348
6298
9329
7561
2538
2033
4660
9593
4753
4924
3870
383
1968
9780
9853
951
2
4054
5621
5320
6162
227
9572
4906
1146
9604
3111
2813
5578
3987
1172
9706
2828
5692
7108
5865
1950
5800
2659
6320
1327
2334
6584
7206
9943
7864
9118
9751
4297
3479
2988
6188
8865
706
1459
3966
37
9948
6688
4428
8861
9419
3203
8115
464
2497
1752
2264
3113
7295
4495
4386
1644
9469
4935
1672
7702
6783
6100
8354
8011
6275
1401
2558
9655
4423
8745
2115
4116
6625
7195
537
8817
5776
2432
3993
6696
579
5916
6437
242
6831
2303
9427
5008
5912
5520
6522
8276
1472
6519
445
3926
6326
1840
9349
9511
8013
4937
509
9046
3497
4276
4011
6698
7652
8409
8675
7067
1782
248
228
7429
3109
1586
4780
1037
1295
2574
9973
4081
6596
1681
1767
6881
9724
472
9144
153
1396
5456
4001
2757
7453
1994
4056
8009
4400
1176
959
9155
3163
4483
3830
6518
3452
996
2609
2788
9194
2357
2217
5528
3706
3685
9725
6431
2856
306
8728
2263
243
7662
5034
3681
2847
9701
6016
2110
179
6212
4021
482
6861
53
1057
1428
715
8691
1933
3820
2068
3103
9018
6315
8120
979
1766
3617
7220
4670
7965
3787
3846
6532
4109
4121
5983
6863
3439
484
3457
6923
2821
3505
2997
1107
9899
4554
2577
9859
7068
8153
1546
8781
4057
1096
6330
8531
4914
8820
1583
9029
8196
5955
9185
5841
1610
1829
755
9025
3147
3342
5866
4563
198
6786
397
9226
3350
5409
2325
2752
4717
8560
7427
4723
573
1607
3069
7675
1108
8456
2874
2605
4332
9946
3438
8495
5829
587
8369
9558
6350
3592
5215
3532
424
1182
2226
583
9268
3855
8600
2459
761
6946
1926
393
5307
9781
4226
3254
2748
5363
2139
4471
5107
4945
7856
9094
8137
5767
8656
6266
645
4893
7015
5671
9459
1302
9695
919
4726
4456
9768
7726
914
1193
331
7231
6317
718
39
4964
5276
653
1391
7456
9465
4459
6635
6230
4645
2719
3280
5656
3236
2853
9654
4925
9605
4184
6139
9453
3460
711
9616
9020
6412
7893
2963
550
5804
8506
8053
9549
8848
5606
627
8975
2061
442
5986
8241
618
6329
3002
1717
4120
4098
853
2969
2908
8924
7553
8399
5081
6839
2106
6458
4252
5487
2438
9527
6785
2126
5802
4982
6718
3861
3711
3822
4961
6032
8828
3063
4944
6966
289
8712
8091
7784
3547
3601
8470
8642
115
9307
235
2943
6943
6939
7706
5457
9142
7473
9796
4100
903
6753
1945
65
4397
6062
9784
8921
6973
7656
3430
1937
6140
7475
3578
3995
1221
35
1893
4466
4271
2419
3334
4409
1039
2603
4188
8352
1720
2778
9581
2866
1713
5848
9482
8224
6736
5952
4568
6477
4616
364
1871
2365
9065
3028
6629
2370
7814
6890
7292
8206
722
5553
4517
4146
1129
208
5558
274
6873
1438
8899
6442
5941
6072
9752
4145
4480
2450
2695
3579
7943
660
3591
2043
861
8508
1123
6597
621
5808
3153
7674
8338
5518
4221
3422
2576
4012
6131
696
1792
7971
1973
3596
1326
3314
5479
2691
7876
4707
5914
9778
9100
334
9518
3979
3250
7086
6141
5007
6447
1415
5588
9406
3389
8950
7873
93
1392
175
9024
1306
5256
4475
8606
5433
763
8205
7276
4785
5555
4382
4063
1251
3983
2914
6456
3190
8454
3756
5335
2897
6960
79
5707
897
4360
8362
5853
1574
5775
9788
4703
412
6715
3119
4810
8806
2343
1470
177
4642
5806
1559
3848
9513
8583
9676
8585
4746
3117
6134
7288
8316
2961
1506
9047
3232
3746
6506
5780
4468
1225
1476
913
7923
9279
7828
3558
8083
9233
3139
6537
6674
5845
8299
3839
7795
2807
99
9208
6933
847
7162
7945
9668
1963
8990
2280
160
4866
2765
7933
2636
5263
1083
3110
8022
6618
3847
8570
9070
2658
3980
6550
1515
8934
978
7659
7225
3015
3352
1629
2356
5954
1118
8929
9883
3242
5359
2146
6452
5605
8494
5314
1999
4376
9374
5745
2215
9984
9306
1455
8778
2977
9771
167
1889
4066
5303
8186
1815
9651
7006
8943
8325
8786
181
6956
6826
6735
9296
1292
3018
4626
4805
5587
2382
2228
63
1261
7356
8049
1147
3504
9850
5712
6664
4234
7930
3126
1241
559
803
5961
3310
8300
8863
3934
2539
8391
4617
8136
4770
6503
2542
9925
5229
5169
3755
6359
2094
4535
188
7070
4464
8447
620
7109
6408
4128
7248
8227
3371
1289
580
5160
5138
6969
1876
1378
9685
8647
6805
4308
5083
9958
5161
9386
3974
9881
1771
7244
7275
778
3445
8888
3378
6570
171
1198
2850
7686
720
4740
6292
6251
4307
6527
8125
489
405
6269
6617
3053
9745
1576
5748
2424
6013
7544
7439
9733
3346
4477
2077
9516
9766
1452
7483
3984
6952
1759
9104
9907
2629
2278
732
4131
3019
3827
6566
4971
6337
8239
7682
2991
9294
7412
3035
3312
368
7481
8608
1025
4147
6296
8498
4431
6978
2937
955
6997
2080
7929
6276
367
9981
5270
3064
6481
4167
5176
1654
2767
6897
3998
9732
9821
5168
2380
7478
4954
3658
2490
5211
3507
1491
7939
1376
8859
9756
8696
2311
7201
4524
1450
4492
7699
7331
7078
5493
2724
8867
7371
8858
4739
8554
8546
1288
8099
479
5143
5095
365
7746
9607
8832
1957
3794
8129
534
844
8563
5455
4889
9417
4974
1140
6253
1896
3609
1912
8915
4560
2975
4274
8658
8493
9864
6606
2058
8571
33
2795
883
4000
5660
6707
9325
4791
2942
2037
9457
6225
6037
2296
9799
6198
3748
131
7287
1523
9299
6333
7450
3802
6737
9999
5450
8526
3673
6968
1238
2417
4654
2812
564
4262
8961
6949
7909
4420
9445
3991
7425
8871
4345
7087
758
4036
6179
2485
3223
1769
1163
8662
3446
3546
789
1975
2211
5832
2423
7306
2418
9322
6788
6663
6896
816
7957
7536
1998
5884
3863
5979
6464
9989
1049
8953
5384
4486
9798
3368
5404
4265
4809
7874
7962
3843
6748
5615
4902
5407
6781
1786
7565
5216
6768
8985
2516
6170
3237
9512
114
8172
329
2020
609
7486
7042
9437
14
6619
6704
9124
8215
6500
9637
7727
8764
9841
136
3900
5917
6880
4673
574
4479
9311
9045
825
2492
945
352
9936
888
8750
923
9381
593
2224
4070
8111
5949
3335
3067
5703
1204
8783
7539
2186
7071
5192
6557
1080
155
8738
3961
5078
8524
7207
9736
2852
4687
6059
6995
1395
5730
7449
7268
2999
2232
5332
1774
5743
1567
279
6961
1787
4749
5139
4923
4582
2212
6206
1020
4228
856
5977
9589
6182
8343
703
7643
7035
6904
7157
2626
9355
7877
6235
1355
9487
3583
4369
9571
9217
6591
9541
6630
5607
8637
1270
3761
4247
3555
358
8414
3454
7424
9463
8702
4638
2919
9282
8981
9941
109
1374
8154
9425
6791
4009
6334
1724
752
2203
3246
7139
5796
90
2784
514
2835
7724
3930
203
2163
6976
3412
5993
3042
6739
3509
444
5922
7093
818
9105
9890
6836
98
3565
1557
8635
304
7665
9815
1949
162
7147
3602
3835
1499
4160
1474
2291
578
3186
3298
7773
9116
9833
5858
6761
1793
4826
6993
5541
1522
596
4064
7905
9507
2347
458
5686
8040
3808
8890
8640
6172
7359
9130
1013
5584
129
6809
9250
3391
8922
9823
6095
341
9817
8780
3668
4433
239
3228
750
4789
7202
3914
1219
5475
4201
4695
2475
5406
9220
7219
949
8534
2101
6955
846
6679
3048
1664
9670
7886
1823
182
3556
768
6985
2230
4371
212
6331
2046
8405
8221
4669
9937
1484
4050
8968
8607
1772
3581
6870
6687
199
1439
4327
8686
4367
9903
1171
4472
6324
9402
4624
6169
1967
1409
7008
3427
7488
4333
6478
804
3140
9270
934
6155
7745
6083
2034
5190
5
5725
2738
3647
8509
2256
3057
9203
3881
8958
7582
674
4565
4482
3155
5929
9000
8257
9561
9087
6491
6057
7981
3634
8156
5590
3856
3917
9678
1351
2895
8776
9236
9992
9042
8151
1027
4811
7097
4857
6340
1562
3923
4314
8881
2247
9991
1188
5053
7882
1022
1239
5498
2366
998
2877
1859
2199
8811
5132
6046
7170
5734
515
3129
310
6950
9382
7639
6455
4993
1824
3287
1256
9986
1272
4293
3709
7835
6790
8793
2064
8401
5582
4496
8614
6181
5727
8555
8195
553
9867
5099
2972
5318
7503
4337
1052
831
650
7012
8827
7282
7200
3475
9404
9545
7518
9869
3762
3772
2286
9995
4264
1077
6165
4870
9557
4398
3210
4584
5059
9646
2947
3605
3639
8648
7414
9760
2562
8082
7031
8543
3876
6792
9892
2008
4619
8283
7668
8297
1665
6677
9693
490
6574
5577
4049
9519
7592
7089
7638
1184
8668
5144
4952
336
815
7589
7252
6144
62
5188
6178
6213
7494
8573
851
8513
729
9339
6845
6433
6488
5595
6543
454
6903
8087
2138
5341
5310
3828
9259
702
7602
6579
3353
4048
6192
119
8367
5438
4377
7713
5910
6774
5783
3506
4038
1243
5427
5719
6799
330
2059
6215
1229
9505
5963
5326
2476
932
3213
6220
7825
6746
2806
6325
1621
3448
9189
3061
8355
822
7197
275
1845
1830
6145
9141
4607
3798
6604
2994
8868
1
7661
2829
5066
6486
2912
726
1886
4198
2363
9246
5844
1197
3797
7787
6273
7125
2306
9083
5428
3564
5869
5631
8217
8997
4379
2883
1343
7716
5598
3882
273
5214
3144
7151
911
3719
6921
4055
8476
3790
8731
2147
3550
547
3575
6616
7798
9027
6996
2135
5596
4817
7809
3253
9723
4392
717
1733
23
3173
8729
101
6305
6438
6547
795
4841
3032
5197
824
3235
5141
5128
8485
5830
7247
5994
555
8902
5634
1551
8952
1426
5650
968
9863
6316
1799
3927
2312
2782
8018
8078
5265
8856
8291
8709
7525
7689
3307
2974
4968
4955
4467
4820
8428
9952
2039
2524
9748
401
5857
7266
3073
7105
6229
9812
3912
6608
1226
7381
3682
5531
5122
9405
615
4008
9896
9344
6749
2569
262
5793
5771
2939
1276
3577
3137
346
2736
4389
1331
8396
5987
4095
8191
8039
3386
2503
7920
7142
9017
1992
2754
3614
8883
409
6328
6375
2252
9336
1898
5701
9365
6710
2321
7632
990
5882
3469
7649
6446
418
4526
6930
7568
8841
8816
209
2862
42
2213
1907
8663
9714
9764
9508
6355
7660
7493
7937
8634
3270
4557
6361
2530
8611
3753
7224
843
6000
7436
6765
1993
6021
1258
5321
9542
5045
3956
5948
3977
1150
7025
6040
1642
4067
6865
1389
1311
1749
9718
4119
9255
305
1811
1683
6063
8050
4835
5885
7557
8086
4807
557
5436
6840
2012
7782
6932
8753
9923
3570
6689
6614
1046
2087
9626
5447
7620
4876
8755
6520
8138
2870
7367
6343
8894
4904
4488
6563
1161
6682
7020
8505
1103
3567
2222
7535
5040
7030
4555
9763
3148
2297
4559
5205
7868
467
7096
176
1566
9133
2040
3873
9692
1286
3669
1776
9375
9151
8174
7056
8597
3704
5880
3085
145
5803
9949
3600
3316
7778
5661
3474
497
4606
7607
1960
2078
5378
9996
5336
5930
924
7406
9935
9210
9108
8665
510
7413
4452
1669
6207
5805
3852
746
663
8580
2670
4255
9207
5937
4579
3896
1581
5610
6367
3622
9656
7753
8947
3039
1922
6277
5539
4361
6424
8842
4873
7608
6963
5538
8131
3549
5293
2517
1359
7982
1345
5534
736
942
2764
4980
2604
568
9288
195
4220
2941
7393
230
8579
7612
1671
7737
8575
359
7631
9389
5659
5058
2240
8931
3554
1207
5750
3909
8057
3928
156
5064
8590
3021
3333
3321
3768
5876
4907
8651
6609
742
9021
7878
3920
8790
6335
8275
4302
4547
7368
1645
2802
5813
3395
1104
9068
1236
4122
5323
8833
1854
6091
1801
4799
8002
869
1137
9640
814
1852
7767
977
6564
9454
3937
2164
2906
8797
66
4567
45
174
3461
9711
2698
4512
2624
7870
5499
5989
6002
8117
2283
700
4604
3123
5666
9376
7149
4972
3177
9456
3299
5556
5627
9128
3269
7378
6089
7904
4300
253
1560
5369
8948
8171
276
3645
7435
9145
1925
643
7208
2987
5248
6556
69
8504
4897
6153
4530
6224
9190
991
2511
8923
5414
220
3062
8390
8763
4329
6117
2522
8344
7596
3348
4045
3735
1047
960
493
6473
3100
2237
3837
1063
9510
9910
6116
1363
6887
7739
221
683
7174
7522
4243
419
7169
8521
4887
8581
2589
2773
2129
1676
1888
1687
5086
5523
3247
9956
5511
1571
1732
2875
7059
633
9166
6883
2070
1518
7237
2023
3989
9418
9531
2951
7291
4888
7725
3548
4550
3722
4505
845
5494
8558
7869
2880
9522
8760
6695
4101
6535
9373
8330
3023
4465
8857
4891
8676
1549
4915
7373
2022
9590
3083
2967
5573
6568
2260
4778
3191
5240
288
6916
6461
5415
7408
3286
1652
2257
8188
6282
2918
1375
548
9824
9414
446
4842
1058
1982
823
1809
1349
3957
8874
591
2496
8219
9690
6129
1828
3390
1662
1962
2379
5549
7074
2712
4823
1695
9485
2414
2221
1482
3524
7533
1362
8885
5230
981
5815
4424
5218
2825
7785
1804
2397
257
1730
4758
639
9119
9278
9500
3257
8528
1234
7053
2234
9351
2486
263
8593
9897
681
2502
3508
2597
2648
7479
8148
1955
7626
8289
9793
8965
291
9331
6924
8907
8756
3759
552
4985
8507
4953
3913
8094
311
1904
3660
9006
2167
6681
3818
6396
6611
3444
4911
8823
7279
839
7736
2200
8846
5911
1273
7437
3095
5522
7960
6233
826
2444
8285
1569
8559
9154
1577
9455
8463
5886
3895
4406
1595
6222
6991
7515
5174
2107
6986
8237
8869
1334
4588
6127
9368
693
9492
4195
3330
7964
5131
6901
1271
7629
4922
4520
8439
8999
5042
9917
1600
9708
3732
3261
2180
1631
2434
2793
2467
7496
4349
882
7334
7763
6874
4690
8093
2514
7011
9022
8695
5049
272
8420
4936
427
1180
5003
1291
4489
8866
2188
8164
78
3877
3142
673
5690
9700
4848
5932
4485
9804
4798
6030
7801
4139
8250
1366
9631
7507
523
3864
2420
5041
8329
1232
9499
832
2758
1050
4720
4639
2197
3229
9468
1059
7697
5485
4134
9054
5353
7009
1134
8232
886
9762
2383
6658
625
9849
9807
2198
2722
3357
5339
8927
921
73
4216
4413
3842
2842
6750
4625
6859
2151
2437
3260
5640
3200
5997
3959
1478
6490
6850
9871
9721
7382
4213
3169
790
8364
1400
4590
8201
80
9247
7633
6868
7618
4992
6693
3273
1990
7324
8403
2831
138
2403
5536
4298
1496
7315
5371
2136
7822
4097
343
6110
7742
3897
5609
9239
2143
1603
9658
9014
4436
2635
9092
8522
1348
2342
6472
2858
1088
8017
3078
3122
256
3894
648
20
7635
8920
7209
4838
8170
110
3402
286
9617
8435
8310
5533
7941
1036
8410
2587
7755
3955
4267
6052
3339
1653
9834
2916
3244
8004
4879
8598
8483
2954
9398
9674
512
6953
7340
530
2285
2571
8892
4407
1959
6065
6152
7104
8825
9332
312
5048
8135
4988
3805
6636
1685
1448
4578
6047
5820
2494
7658
7976
143
1055
6581
2463
1977
2120
3332
2032
3319
2731
5410
9318
6148
2314
308
3089
335
1791
5966
5217
3311
644
5027
5697
7418
4603
2225
8048
4189
2471
9805
9199
1194
2130
7240
7551
483
2372
300
1535
88
27
9147
2528
7420
9534
9957
7634
7080
2262
6457
5821
8910
3201
6801
5231
2760
6714
8744
7230
4696
9730
3883
3282
8350
5724
4900
6691
2362
1228
7938
9846
3853
1076
1526
1468
2688
9731
3038
1485
820
6098
150
8984
1492
7320
2024
3933
1373
7389
6789
6228
5740
2276
1862
9570
5243
9921
1354
6830
1320
3819
6112
9900
5902
8912
5637
5381
2531
7137
2482
6846
7274
2189
241
7057
7657
8077
8548
3821
6631
8724
7720
5401
8370
6800
87
1928
8782
4043
5655
5346
1175
7141
1417
5421
6254
3520
1779
371
7583
500
6856
7404
976
501
8422
6394
2669
4232
2339
570
2716
9333
7845
48
8660
5403
7064
7297
5741
3160
8610
4852
9687
2960
2315
9229
8161
5572
809
5527
6626
1512
3947
287
1984
9227
5480
5852
8167
9242
7978
2598
1971
8645
2633
3022
7421
8540
5067
829
5816
5824
9689
1744
6420
1181
3901
6388
6428
3692
4065
1012
8503
5274
443
7234
4185
2945
1780
7966
8619
1682
4860
6802
3420
3557
1411
6936
1425
8060
9290
4615
7922
5090
3777
1699
9187
9526
6214
862
8710
5254
6474
8404
4599
7377
7894
7750
4622
1030
1864
89
7534
4760
2284
5633
8054
29
800
4719
4133
1253
149
1358
3661
9305
7145
7032
5322
4132
946
8758
7313
637
5905
7040
7164
1619
7890
5313
5839
5112
2504
120
6661
5762
1790
1917
2076
6307
4155
8530
4631
2664
7569
1336
4611
8333
2114
8836
3677
756
1924
777
2248
2162
6479
8357
5908
403
3990
3657
9353
485
6466
7072
447
3776
9076
4153
1067
6094
3545
2515
2089
3410
2854
8376
3204
6595
1279
124
2140
258
7734
5964
4034
4801
7818
18
6699
4843
4883
6598
2479
4183
4762
5085
4949
4403
8286
3345
7270
5644
1920
8303
2484
5454
92
2074
9885
610
3519
3065
1502
168
9963
1632
436
1061
7082
7749
8443
8242
1906
6511
503
1837
5424
506
3696
5648
7447
2270
1174
8260
8380
8991
2920
3054
6374
2593
7851
987
3293
3725
5513
8891
1938
925
7985
3040
3523
5965
2305
5515
5244
4930
8023
1961
5939
7289
3915
9359
8238
9241
9452
5679
7799
8932
7380
5503
4261
6427
5212
7129
5026
9486
9912
4438
9703
7154
2950
3226
3922
5971
3326
7800
5357
4853
461
1145
6654
5838
688
7936
2010
1169
604
894
8347
5568
7774
5388
8876
8609
5225
3434
3598
5125
2927
4650
7065
5923
9176
9395
687
2470
3295
2205
2111
9245
7887
5784
7979
3714
2060
6763
3396
7166
3588
9256
9977
5397
3308
3404
1274
4390
5202
3055
449
3450
6745
3801
2244
7919
2800
8779
148
8930
4681
9650
7398
9101
9224
7511
5210
881
7461
4566
8615
5106
7226
5879
2405
1153
7908
2170
7794
5705
4275
4594
7987
3844
4570
2359
7328
3363
1495
8687
9396
8415
1201
2816
5950
2632
676
8386
4356
2415
561
9620
9742
3207
1930
994
532
7840
1736
3419
5196
9163
9623
5149
5385
7081
3574
8937
3487
857
4357
5618
8914
8271
8162
2978
6208
8654
3007
8025
3960
2251
3878
5234
7621
7710
9911
8966
3409
7648
61
2666
629
3074
317
7695
6240
7212
5833
6562
2761
8742
4958
5028
2005
6403
4665
6121
5840
200
5033
2457
7050
2214
9177
6288
8960
7578
137
7687
9123
3154
4766
7703
2481
7738
3932
441
8911
8918
8688
2122
4940
8616
1650
1538
7984
6552
5726
5491
7900
9231
4610
9251
9761
937
713
9156
360
6512
6358
2081
7490
4544
3824
7417
3770
3867
3001
259
6694
4979
6194
9415
121
1985
6347
5822
2407
4764
5434
2931
8036
8265
2714
3541
5098
516
7133
698
9421
1144
1230
134
5785
1062
9679
9328
8625
812
7013
7127
157
9747
6728
4285
7670
5308
6914
1900
5071
4976
5184
4396
2150
2271
4030
3449
9677
5227
7989
5799
7932
2388
4796
5900
7079
6263
3020
6929
521
7415
1209
2772
2672
7970
2409
662
6898
6600
5070
3834
4598
9845
2683
9927
5925
9627
3424
6132
7187
342
1456
6493
6064
5016
4343
9603
3538
8804
3136
1635
8623
1487
8365
5854
1796
9354
1773
107
6773
8076
5014
210
3010
2869
2445
2181
4721
1162
8906
4510
7748
2090
6758
3750
7521
1558
7016
7489
5811
6970
498
8845
5437
6816
5576
8752
6858
5183
4032
6855
7341
607
5591
2395
8552
4821
1277
4380
2616
5291
4773
2287
8034
3499
3470
1370
8945
754
1923
105
7419
3571
4143
7438
488
4214
3052
7698
8110
8184
649
6724
9875
2794
2617
9757
7464
1863
2056
5266
3221
4849
207
2832
9960
9035
5713
9628
8617
9196
3364
1849
1094
6796
7998
5101
2346
8142
3789
4364
5224
9596
4768
2003
9955
3963
3114
1462
7021
3343
8870
6813
1980
8561
6435
8726
3972
4950
7895
2512
2195
7790
9088
1367
4875
791
7307
1627
7360
2694
2809
7138
5251
608
5861
6782
9160
665
6283
5777
3
3373
1191
5239
2400
9539
3482
3092
8819
9744
5720
8830
7107
928
1130
3097
2878
1004
9262
6578
4494
2973
6603
9856
2360
5915
17
2785
5786
5953
4405
1449
8459
5629
5304
3662
9461
2903
1901
8193
9460
2448
7667
8569
838
6101
9136
298
9218
7177
4179
1097
4402
5849
1936
6627
8028
2707
9393
3533
9069
4015
8462
7044
9244
1789
9115
1196
7218
1011
3056
7192
6069
5461
840
5851
1816
2108
2855
1602
6097
3152
4203
2930
1899
3740
384
6247
9872
2859
9383
1299
8889
3537
1532
7173
3355
9546
2168
4999
8840
4196
9377
7655
6871
5046
9970
2730
3496
5641
8886
5938
9304
1584
1537
6123
8356
165
2917
4733
5213
7302
6705
8266
739
986
2981
616
891
7999
7696
8255
8014
8005
6369
2104
3167
5749
9466
8549
1996
5113
6553
1479
7651
2300
4047
2282
8460
6226
1283
636
6982
1248
4718
7036
1285
9664
2336
3665
2687
8177
1544
6538
3453
1988
4215
5446
9274
4518
366
5476
5871
3560
5580
9174
7983
2462
7101
854
2422
7680
4104
7609
8643
1321
9089
6727
8089
1972
3266
4444
9643
3597
7899
4125
2052
933
526
7394
8956
3606
3183
7257
7715
3671
8567
9916
6250
7654
2839
8468
5512
7707
3091
3738
3367
8917
5877
7060
9961
1240
7402
2469
7865
224
4644
7780
5988
1139
8618
3398
6407
8144
8059
9171
9503
3784
2644
1319
3156
5345
2810
7495
245
9026
4664
2169
3950
3899
4724
7344
7333
4352
4839
5301
9497
2600
4585
6940
4967
4908
111
9342
6935
2660
940
9716
6751
5330
9168
1655
8223
2301
6389
6414
9776
3216
3267
2507
5030
8803
9010
8095
3742
6197
6399
7505
3161
4259
4090
727
808
624
3885
1723
1257
2499
2936
6339
1212
8134
9844
1281
4432
4227
12
5691
1941
9909
9149
6822
435
6238
8381
58
2776
7743
9213
1078
2630
299
9926
3494
5935
3264
285
8502
6776
6175
9261
6401
5570
376
9091
9186
7329
2570
234
7299
9361
9915
187
1911
1677
1638
2864
1133
3271
5220
9633
1705
3728
6927
5517
9435
439
5285
3291
7996
4443
805
7485
8718
4509
3125
4135
8739
1818
400
2841
9293
7852
7272
6742
7448
6119
3239
6666
4659
1383
1983
7024
8497
2299
1138
9043
9033
9562
4569
3249
867
6210
8149
7019
4442
7167
5163
2269
4608
4435
3514
6332
859
7990
7451
2966
5571
2713
123
2041
6777
5222
9052
4072
9535
8821
8187
2766
8042
6322
3233
8090
1592
893
2762
4273
4449
6239
3141
1170
699
471
4199
282
9180
2266
5819
7599
9327
3666
8451
4874
2876
2047
2065
6070
3689
6504
647
9698
473
2826
9975
543
4591
7156
3697
2057
6475
161
612
8088
5360
3328
8366
7517
3041
361
2572
6835
1814
6712
2116
457
2819
5054
9248
4946
5552
7317
6485
6014
9680
9352
2421
586
2865
6268
2980
2792
7617
9157
2105
5960
8453
2750
3145
5126
2460
4691
4118
1430
1589
4984
7480
1116
973
1831
1951
125
1846
9448
9662
3744
3779
3195
1206
1575
6585
2227
2113
765
1940
6211
2062
6539
9573
6237
9012
8481
4612
5936
1902
8928
2350
5316
185
6702
4576
1051
3208
8586
5159
3076
3372
1385
6610
8655
6646
7846
8872
8700
9904
1573
6451
9001
8805
5837
9159
377
3633
1322
7928
7768
7351
4969
1543
7576
8092
487
2294
7468
4712
2745
6900
2245
9223
1141
5969
7122
9323
992
2253
2307
5980
8378
5262
743
2779
4926
1369
8044
5718
9755
4635
3683
7947
4995
255
2686
4404
6640
2622
4159
9484
1684
989
1934
81
2681
2161
9098
1514
3760
6280
7761
6258
2461
2102
139
4694
4144
8851
8203
3712
4776
4917
2899
413
7841
5867
6476
7523
3931
201
2677
3976
3046
3401
2551
2391
7260
8518
3417
2637
1043
9659
9835
1918
2327
8697
575
5044
1874
1651
783
9661
9230
9475
8799
1042
6203
872
8789
9688
8340
9284
9717
9153
2091
2298
7571
970
3653
8198
5636
1797
8143
6841
9648
4368
562
4861
8361
4202
2464
8296
1195
7077
9530
7610
3921
8714
1703
2958
6005
7712
7901
7095
2193
3826
6821
8667
415
8066
9532
3774
4473
7444
2751
638
8107
7969
6218
3050
7575
1536
47
6814
9015
6050
8375
1675
2647
4212
3090
9350
4881
5548
3230
5792
4260
1404
9739
8592
459
9704
7316
8988
6231
8844
2133
1507
6426
9884
5137
5890
2408
332
1323
8936
4328
4878
964
2201
4074
8228
6391
3905
7179
7597
5038
6051
8165
5744
1858
5670
9710
1310
2926
6910
6290
880
4939
5847
3414
8684
7430
3651
4102
6517
6948
5001
8801
5699
5746
3659
4942
8026
3648
8385
6884
5700
1056
2255
5181
6419
695
2452
8183
1894
1709
7744
1525
798
8572
669
8880
3799
4440
9271
2639
757
7855
1931
3323
6154
4191
4929
9671
5972
9934
5835
6056
5186
3717
2508
8246
9594
6541
2770
1222
3910
6920
7043
5951
2172
5959
7325
194
4086
4053
3493
5714
417
6505
8197
3179
3086
1457
1618
5400
950
7432
1593
4313
6892
5823
3370
5926
6259
6536
9683
724
9477
5430
2581
9479
9292
3300
8716
3731
1755
4283
9591
4108
8455
1412
2054
544
6249
8992
697
9622
2537
116
6647
4564
1916
9705
9280
4983
1511
749
466
113
5794
293
1517
8944
6281
7128
1784
3749
8064
8734
5458
9976
4322
2708
6496
5193
540
2955
2704
4970
7163
8499
8202
2272
6043
5104
7570
71
675
5305
4325
5343
8416
1783
2726
4306
3542
7622
475
3568
2798
969
2968
8425
3072
3413
6571
5613
8349
9854
6730
7309
677
4408
1588
7303
2416
5842
6278
634
4830
8677
7684
6185
3907
4605
9423
7628
1068
2546
2692
5440
545
8577
8326
1758
4790
5025
9877
8949
1552
9403
1533
8295
4430
4865
6974
4164
4580
2085
4223
5490
1794
1233
1606
1121
2882
9178
6743
4775
7915
8469
4222
9728
4190
4658
4793
8826
5464
6559
3811
5801
7362
6031
5124
3951
1529
117
7193
1857
7548
5435
3629
5337
1725
2073
7343
9058
3916
2739
4039
2540
9809
4469
2652
2013
5623
6209
6372
6980
6304
590
3238
965
316
7472
1693
9428
3517
5380
9543
8777
1465
8489
3741
2194
6137
4572
3672
1074
2354
5473
8909
1402
5402
837
1641
8166
3997
6299
554
4083
1152
4872
5860
9727
7542
232
3940
9568
9902
3511
9126
4448
6422
85
1403
6521
1086
4235
477
705
9050
4684
860
787
3107
984
828
3071
3640
4800
4334
6274
1519
1300
2628
731
3047
2447
3678
4693
7091
218
7927
3911
6404
5945
5347
2430
9182
8106
5927
4350
3527
1157
2243
9201
9746
3604
6947
6882
7504
3245
9947
3582
4077
8079
6683
94
9048
3058
5970
6393
6652
8926
3116
3975
4149
8434
192
5508
4463
7357
6769
4481
4311
1421
551
8263
186
4948
7498
9431
1120
8925
5151
5439
1663
2642
7134
5956
9062
2653
5946
8847
2742
3621
30
8761
2290
7951
4187
4640
494
1440
8748
9132
9312
1539
4513
1224
2124
6130
3890
4709
2493
3194
1308
5545
5962
4140
7204
4225
6044
5752
6837
7440
611
8854
6151
7143
25
9211
3016
5158
4885
9420
9139
3387
9179
4060
3289
7321
6885
9625
7986
1069
6994
3626
1715
8787
2236
1490
3006
7650
3045
2433
3875
1861
5579
6370
5921
4727
8236
6295
6449
6105
5827
1513
9506
5769
6205
6593
8706
7391
7175
3691
7034
1115
3536
2100
5223
6852
2377
4894
9559
6310
9489
295
2525
7741
6657
4426
3277
1220
8024
8181
1639
7474
4254
3490
8464
8113
7363
9606
344
3483
8441
2332
5018
6071
5486
5155
782
6092
6516
4292
2109
9330
8638
520
2534
8259
784
5616
5695
6294
4339
5924
6160
9801
3066
4383
2575
64
8596
6507
6528
6583
9769
1091
9868
7791
5238
7397
5998
237
4342
4880
5942
5973
5069
3138
4581
2487
4786
3688
541
704
3193
4956
5708
3825
1892
9254
5150
1446
7233
956
8068
3832
9998
9
6576
1563
5203
9939
1884
8542
7062
6558
3968
7690
8103
566
656
4674
2313
9657
759
8328
6221
9826
9586
4029
2402
1838
2595
9933
2923
4470
5419
4269
6879
1760
7679
4107
9219
8392
7914
6353
1254
2302
31
6795
1041
3701
2446
3891
5755
7554
7338
678
6877
8358
5990
7454
535
723
1747
2823
9300
5787
8839
8472
1868
8685
6398
4088
7881
6775
2580
5658
164
3686
8964
5271
4863
2674
584
5245
4713
2834
806
2894
6436
266
8268
7186
4152
1493
9945
3708
1869
8389
3889
3288
6158
7258
5489
8628
6400
6256
3636
1870
4295
4372
8813
7967
6450
6741
1865
8946
558
6808
2209
1561
1315
5136
3674
6079
4933
9990
1435
1100
4618
1023
3576
6554
884
2948
5354
5462
2378
4378
873
748
8280
2749
5826
1585
5328
6027
4812
9862
5907
8281
5302
5920
927
7646
6906
4154
60
6430
8705
4437
1778
6876
3684
5704
5100
1528
6291
2454
2218
363
481
7593
5933
1844
8175
775
4166
4743
9093
141
4076
6798
322
2733
379
8214
6034
2322
3986
8480
4171
737
4797
6857
1307
1298
8334
6183
5089
4445
7216
3168
9870
1821
127
735
594
9488
7199
8824
5097
4813
8301
8829
2888
4148
4806
9066
5011
7136
3313
6685
6752
5957
4676
1649
1729
7326
7463
8492
3782
5103
5834
4348
6938
4869
5599
4836
2613
3366
5147
1762
4192
7781
9940
9432
9260
5449
7047
7126
4840
8431
1347
7771
3118
2159
3403
9822
6136
70
2715
5367
7883
8913
5459
5614
5312
8061
9839
7760
5232
8319
9702
9388
357
3925
518
4323
9639
1205
8982
4497
1178
2989
2478
9338
5843
1952
9060
4257
8173
8792
5084
9814
1521
6756
3593
2158
3480
6589
2909
251
8812
4701
7115
3180
1443
3906
4975
2399
3455
4711
2727
3178
41
8393
8084
6362
8012
3384
1187
1882
4627
9770
741
5565
817
651
2701
5236
855
9791
8893
7502
4556
1414
9964
8063
9686
3199
2241
7152
4320
2843
6766
4828
9942
8293
8719
8067
6819
2007
708
4178
7180
2458
7482
6354
8971
8440
5602
8272
4827
8282
1149
7974
3093
9266
8339
2949
5000
9099
2345
4845
4502
373
2196
7942
72
7721
1231
1026
3206
9041
5831
5501
1839
4620
8146
8974
9672
9969
1053
8649
4516
3723
7614
4175
1974
4558
4795
5073
2182
9886
3429
5481
6894
603
4646
24
2729
7677
4071
4656
142
4910
8307
9446
2440
5649
7995
7111
1929
6323
1114
3172
7423
9276
217
7135
7863
6548
8429
2117
9470
260
8104
1582
7844
1390
8629
6068
589
866
1956
2557
2441
1131
779
7153
100
5999
6039
8474
2996
5693
8757
5728
6010
4882
6797
8905
8986
1486
1659
8353
296
9707
4714
9502
3751
5036
2718
3941
3149
4205
1111
2157
6080
5390
2583
5317
4087
5870
7284
8896
1827
2940
1309
7543
2258
4825
356
8288
8033
2641
1099
7003
5460
5096
6864
3970
2273
2689
7241
2480
7911
144
4210
5992
7433
5405
2349
4062
2735
5296
5170
6542
4358
4765
5123
1006
1531
2519
3521
6888
8359
9253
460
5543
6058
8511
3354
1189
948
1688
7261
9334
4543
738
6244
3512
2119
8977
2317
5060
9075
2190
3871
4305
4529
7714
215
5680
686
3552
9743
50
9364
2038
1488
7055
4441
974
4586
4089
8849
2099
8972
9583
1976
8062
4069
9356
8713
8273
2602
1070
5134
7594
8213
3544
4002
6620
3051
5797
4425
1785
333
7531
8795
957
6067
1608
5334
7409
7336
4710
4896
369
3411
3120
5991
3814
1379
9360
3432
3618
5209
8673
3485
2412
922
3084
8773
7917
3080
7369
617
1119
8482
135
9367
3726
8834
8019
5894
3780
7683
3769
8465
3693
7018
8939
4500
4418
9003
1073
3836
524
982
5904
528
1728
9632
6190
4138
2986
2220
3675
1686
4602
2021
5505
5696
9112
4757
7783
5642
7250
1387
4078
5760
6336
202
5009
4410
9644
7058
2093
325
9313
5754
6082
9385
5226
2541
3268
7747
8487
2857
9642
4018
7693
9735
5133
8613
585
6572
4683
2808
2732
2946
91
560
2155
9188
7063
1640
8342
3888
8278
2191
5619
682
8788
166
4533
6803
3501
8020
907
8908
2036
7388
8016
4013
5507
8448
5763
3559
7385
6402
292
3477
2934
2830
9372
5934
8043
7946
8969
6265
3649
2261
3898
5412
3318
6825
2631
7832
938
9056
2352
9493
4014
3603
1338
5586
5272
5818
1777
6577
9893
671
9790
2016
5710
8373
102
5072
7889
51
7002
8674
6176
7584
8708
4016
3217
4200
8346
6509
1633
3296
8541
7663
6907
7993
6418
3392
1158
2127
3003
4286
962
9030
9297
49
4239
56
6060
4385
2552
8127
1255
6365
7401
6525
2922
1702
9634
1353
8692
499
6314
2665
1113
6733
4324
6760
2620
9183
4381
5219
6020
878
7711
5152
2678
6731
7131
4280
6025
1775
8189
1190
7788
5118
7588
5393
3773
8751
2173
3471
4229
5207
422
9110
6028
5417
5967
4747
4663
1978
1745
6133
4374
7090
2663
7041
4846
8491
7940
4531
7102
6236
4476
6530
525
6692
9931
4730
9249
8557
3463
6540
4831
995
602
3029
2082
3433
8670
993
1269
5683
6045
2292
4951
4700
1716
4003
6526
7366
4689
4651
2071
3498
8001
399
1458
7843
1979
2086
2588
8145
8980
8051
2568
1825
4253
2737
6817
8461
5765
6257
8163
7673
5717
1017
2233
5453
8746
605
5495
3009
5735
225
9005
4630
1704
339
7562
7348
4523
6755
1667
4898
4905
2361
9597
8574
4912
1399
7640
9715
2323
1826
4788
5340
1808
95
1136
5006
3812
1431
8536
983
899
8798
747
7605
3478
7028
2891
4716
8589
8284
9436
1297
1454
3679
1014
6942
6951
1427
8374
4447
5855
431
7803
2818
3551
9785
9592
9563
1095
3196
1568
9193
9525
5279
6639
5074
9509
270
8875
3664
4960
4943
5075
2328
9080
1820
7117
2145
9608
3222
5020
327
670
2836
8418
7267
4534
6297
7910
5382
6723
9303
2606
7442
6804
3381
4609
340
7069
563
5091
2376
5883
8279
9599
8693
8652
2643
4462
4126
9754
2887
9429
34
3263
3631
9072
2777
3739
1235
1698
2561
6195
3231
5162
8671
7140
9216
5657
4217
7972
3044
2573
3850
4769
9803
3320
9813
9345
4802
581
6241
5349
2277
5350
6448
6492
3405
3251
3211
2970
8449
7259
9720
3745
8438
36
9032
5544
6444
6523
8030
3840
9641
4829
4542
196
6926
1601
8133
5535
5010
1932
1368
4112
1841
8253
4115
8808
7106
7789
4137
8309
6149
2721
9699
7347
9994
4734
7793
2747
8419
1469
6823
8155
4901
8959
4728
3075
6300
3518
5389
2849
3632
8231
2710
3135
2134
7469
8951
4052
8771
895
879
2337
323
2965
9135
7161
9612
7546
5441
5814
3225
9225
9554
5396
1280
2505
6049
8437
5488
9491
5115
1192
3730
1903
8478
572
3099
799
2165
3209
2118
3124
2838
9851
3082
7506
152
4862
2381
7400
7958
8942
6033
7847
9125
9424
6445
1609
4375
4041
8901
802
7455
2223
8987
5622
6489
8085
1048
5542
971
9579
8624
4966
5817
6019
3663
3510
4457
6227
7470
2935
5684
1325
2392
13
8258
3162
5088
4461
5032
5996
6811
4291
2861
3315
1590
6480
6567
7730
9049
2921
685
9528
4508
7460
7853
8379
5984
5751
350
4344
1494
4092
850
9906
3219
9281
214
4451
622
1714
9074
917
6189
2768
1802
5093
4414
2657
4303
106
7837
1127
8243
6038
9397
2553
2435
1498
7446
9649
8412
1987
4745
1007
7484
3388
7806
1795
8397
9234
1199
2863
7860
83
2368
7564
8873
9198
9876
4412
5589
3436
2796
3174
4868
321
796
6612
1106
1218
5901
4117
1346
7508
9416
9302
4346
2250
173
5504
5300
3716
8126
1132
8630
4173
712
5311
4837
6501
55
15
4484
3079
1718
6311
9636
2673
5698
5601
5638
3676
7238
9039
4245
2889
2279
3385
1813
4455
8604
5856
8568
3302
8074
6675
1177
1891
7816
6990
6157
7491
8371
9173
4359
3188
4844
6272
9753
7754
353
4130
8473
1991
1708
2281
6126
2759
4209
9598
1460
7756
1534
8544
3767
4170
6106
3134
9103
1707
4541
7286
613
8467
7001
6390
2964
9773
3202
9335
5399
3516
3327
7130
6771
404
5733
9272
3347
3094
1267
2786
7861
5165
3733
8603
9802
3272
5537
6829
5668
8641
1388
7227
6605
2411
8835
5342
2645
9966
5472
4141
491
7959
264
9053
4321
8632
8627
546
7017
6793
5759
1044
9997
8152
788
6848
7390
3526
7776
7769
3255
4931
3382
9874
7591
387
2559
3301
3589
5635
2848
5250
1102
4672
2316
5280
9501
1540
1866
3338
8450
8337
9314
9028
6377
6764
4546
4715
7623
82
8351
7831
9576
1305
9263
2177
8055
8423
7361
7770
6902
407
3788
9887
4977
8800
8562
2962
5514
8532
3525
8006
2679
6061
2817
1594
1579
2601
4815
2868
7026
2144
8252
1505
3166
8774
5779
4005
7255
5255
9044
7246
3670
3227
7604
3034
833
3654
6678
5722
8576
4127
4927
5021
5368
6989
3874
9889
2789
3936
8533
3988
6513
1155
3562
5467
4218
6913
910
6999
1386
8267
1284
7500
5327
8963
1689
2845
7598
664
1850
423
7283
3978
7530
2656
2554
5102
1263
2295
4741
9891
9267
7184
77
8123
7066
8256
9905
9478
909
2473
6922
3096
453
691
9820
5057
3590
1110
8029
2783
6090
1617
2543
2860
1530
4335
8382
9873
7182
1433
4347
2431
4722
8314
606
402
9285
4035
5694
3098
6810
128
6120
5129
6673
9090
8484
2456
9237
307
4080
1424
4913
3218
1098
8207
8119
7850
2406
7229
9630
3215
1806
7294
5782
4779
3159
9462
4759
5985
1570
3397
6142
6569
6998
40
184
2952
7049
1696
4394
4552
3252
2944
2348
2690
988
3935
3655
4336
4180
7441
652
2699
5978
3945
1473
9750
7952
28
476
7434
4114
9816
6204
378
1764
9569
5191
5789
456
1072
8368
9444
3595
2192
6638
7528
9544
1630
254
3037
7171
4224
6641
877
5024
8954
7099
7590
9472
337
4903
408
2621
67
2550
9794
7487
4957
1216
2556
3198
8602
6624
8372
5383
7580
9615
7146
84
9610
2984
7228
1079
4729
5180
7896
9298
6234
4244
5451
2586
5807
9663
5198
4312
3361
8538
2700
9819
6443
8636
7318
9158
3953
2132
8140
4162
8035
6551
3024
8045
3540
426
7459
5790
7426
2780
3641
7526
5669
8424
3707
1350
6860
9898
1856
8955
2207
5474
8345
6515
9200
9295
3765
5868
7700
1266
1565
533
434
4549
8479
3887
8277
7723
4182
5013
8644
1208
2385
4289
4301
3484
7988
4094
4996
6498
9738
4962
1453
3924
1910
7892
6003
632
7312
1697
5288
1997
8900
1154
1410
3059
6384
2911
3197
2614
7613
9759
9565
9204
7365
8308
2976
9257
769
7764
5795
6261
7346
6623
1851
725
2651
4231
997
7666
9786
1268
2152
1117
6022
6255
3872
9709
6074
6108
4176
5681
7239
4429
7123
8407
9894
9983
6729
8218
2680
6514
7262
3425
6684
4808
1734
2592
4006
1101
7642
2957
5087
8141
2607
8512
8935
7921
5082
1005
4965
4682
7907
3612
8097
5617
3918
9232
7165
2799
9301
4284
9476
8879
9038
7120
9106
1365
5639
1798
9682
5569
5294
3879
2436
7566
7975
1578
6463
118
9496
5329
5416
6494
536
1045
6115
252
4536
5392
6319
5167
231
1691
8471
1520
1763
8178
5778
4129
9524
4794
4735
3036
2498
4422
2042
7061
8587
7537
7254
8041
7624
1264
7950
1282
6416
1135
626
7766
952
6279
3942
1031
2384
8031
3279
8672
7092
1337
6373
4168
9321
830
9077
8179
5974
3400
4637
1294
5246
7022
4947
5200
6352
1445
2734
918
425
2564
5052
2121
2791
4026
6366
7871
2753
9442
539
3694
1848
7913
2131
1605
9878
6669
930
2728
7647
4600
8720
2355
4528
6035
8762
9789
4916
1429
3851
6984
3515
4822
4854
6356
191
97
3522
1010
7335
4290
4573
6318
7973
9523
2389
1089
8446
2703
1694
7532
4767
6379
3587
5764
4059
8940
8995
9515
8348
3833
5593
1596
7833
7691
3331
4258
4589
5652
1572
8737
567
2771
1082
7949
3985
3033
2801
5958
8996
8139
6889
7807
7403
5825
5510
6302
9684
1939
6815
3608
6987
8073
9161
7997
2331
5766
4299
1719
6587
6915
3764
9772
764
7023
8069
6138
7916
975
1878
4994
885
9988
1075
3919
319
375
4504
8838
6588
2171
2775
4698
9384
4832
3904
8584
2625
5560
2128
4236
4816
8769
3866
5394
1946
9023
3459
6672
3476
9107
6594
931
7155
6905
3729
6875
4193
6381
6862
6784
4781
2259
8210
4574
5111
5411
2513
628
772
8884
972
9504
9055
5358
4251
4478
7513
9498
7733
5757
1324
7088
1260
5611
8994
2867
6575
1615
7100
5365
2044
6135
504
9647
1995
3969
7842
1692
4680
9152
1344
7352
9426
2097
5331
3620
9308
8740
5863
8321
1142
6113
4233
582
890
1905
1935
707
3437
4439
9034
9037
1313
1335
1071
3304
1883
2293
7148
8895
801
7912
9930
3243
4206
6191
2374
8388
5051
7935
4601
1761
4046
5063
668
9326
5297
8047
1658
5592
1614
8400
8072
9412
4592
4699
7465
6964
68
7290
8132
7516
9602
3428
4151
1475
9779
8501
1477
3611
2491
7926
2235
3943
9860
5928
7300
8274
2820
3184
4105
4020
1317
4281
4705
1021
9212
5625
679
7514
2153
8725
6467
8114
281
21
3803
9131
4932
9004
5731
206
6944
5448
4784
8794
7269
3946
5736
5319
1670
7185
7395
6482
7891
8269
452
6440
8096
43
5206
1016
5035
268
4181
9555
8500
8704
7083
5798
5496
3004
6945
9286
6607
8261
3265
3868
8594
385
5431
3754
8938
9162
2979
1252
6711
8882
9473
4577
5791
7581
786
3886
9164
9944
8121
9908
4506
7552
8678
2879
9521
2896
3695
7084
2971
8010
5080
2067
6713
2373
5178
108
8387
6510
3615
6628
7308
5019
6495
7963
947
6465
8814
5418
1636
4595
1034
3102
2239
7616
9697
9962
