5611
261
8927
2857
5199
369
4115
5669
964
2142
414
1461
3833
823
7650
3987
8546
1823
8176
5674
6822
8844
7054
8820
5071
4499
55
8207
9372
5713
7792
6306
6354
7069
4200
2167
5360
9321
6649
4485
7625
1839
335
8141
7219
1326
7796
7956
9467
9215
6949
2109
9898
6248
4978
2356
7823
8213
8039
3412
9070
5944
9741
5838
8268
9310
893
8612
8332
2476
5550
1676
3613
9030
1208
1689
9216
7247
352
1271
9327
286
3101
6159
1092
1603
4472
4051
4587
7608
9312
9554
6708
3565
8919
3410
4761
8440
6454
4768
6309
2864
5558
6842
905
275
8925
305
3363
5134
3296
7105
9269
477
1624
1025
9620
3635
3503
9795
21
5448
9214
3053
6363
6533
7834
4809
9270
8703
5978
1632
6730
3902
8287
8589
1162
6449
9032
165
7624
8893
16
8368
9751
1971
7136
3359
1655
4064
1198
4478
3133
5149
3120
1055
3805
440
2266
461
1742
8650
6931
3160
6531
319
812
1003
7807
3052
4954
238
2978
3444
1443
7912
2187
8989
4715
1935
4316
3946
3881
2738
4670
1738
3247
9298
8467
4941
9170
4834
5107
7018
9890
7887
824
1611
9320
5852
4903
708
1366
6278
4875
8092
2871
1107
7395
9072
8343
8860
3124
4374
7340
8990
625
685
3557
2558
5162
3131
5491
2674
9481
5075
6083
536
2296
4199
9365
6100
8241
4429
6284
2061
3489
5122
4706
8249
5935
6235
6444
4407
2190
8975
5847
9497
1561
6293
1217
3027
7118
911
4320
4571
2665
8314
5257
1054
1153
7119
8578
3859
682
2488
106
2610
5936
4669
3417
4935
6696
6217
8557
4846
2779
6984
9813
9652
6819
6607
97
7941
2746
1393
5040
4104
8771
4720
3937
2077
5653
2910
5359
9865
6469
8521
2478
8265
6257
8179
4050
1207
103
8309
8773
1812
4270
2141
5962
1219
3991
6888
5147
9133
6639
8031
7721
7821
147
6526
7691
9929
1827
2244
8623
9772
3723
2941
7114
9910
3593
655
7483
6045
4527
727
9832
5510
7310
1440
4110
8328
5234
7972
4032
8104
8195
2430
638
5836
7586
7615
7462
381
9978
8625
7424
3323
6290
4165
1817
1298
8907
4442
2827
1150
7717
9731
7245
2152
4644
7241
3337
6011
7755
4622
9281
9921
9028
603
1660
8833
5849
3032
3210
3123
7729
6481
2898
6793
749
5316
2928
4464
8304
8615
6604
9697
4765
9057
4285
254
7343
9183
8690
6082
6308
4803
4864
3129
3522
6076
4839
3989
5081
5530
611
4673
7405
3056
6043
9514
4894
6957
2593
3954
7447
6371
9412
8908
4517
1490
5249
4239
9331
5058
3672
5618
7263
8913
8101
1463
7897
464
6525
6171
4775
5309
934
6283
1639
1857
5231
5144
4643
1862
7152
6921
8527
5682
9512
925
2758
2630
8591
8865
9540
9378
924
8554
179
1535
5181
139
4667
9605
7066
1019
2495
491
4019
614
5969
8336
6015
849
5176
8641
71
2541
5831
1021
3024
5283
3164
8072
1942
1809
4339
353
8531
8588
34
6509
296
4449
2256
9521
886
5557
4858
2426
7095
906
2649
6784
3964
332
5930
2562
6824
9380
9627
4376
3422
6691
3174
9103
6443
3643
2125
567
6598
9206
7469
4033
7585
7562
5925
7421
3197
7541
985
6244
4076
2703
7275
2117
5398
7588
4284
1881
7272
8889
1311
850
2583
5046
8871
1081
4218
8766
5381
2925
648
7998
4233
8677
8652
6500
7936
6677
9947
6830
714
4455
7572
8365
3299
4939
3809
3915
3269
9399
4071
9461
6195
7051
7994
8912
4629
1626
5722
3742
6364
8485
80
323
6205
4068
3594
1963
9750
2816
1188
1783
5637
9488
1144
5868
9299
4091
3202
494
9622
4536
4
5114
7354
8442
9543
4118
2650
7725
1623
9188
3738
4989
4117
4995
2760
1587
2693
8444
805
8813
5158
2748
8275
3855
6348
2504
2344
9599
8277
1750
1137
9099
6962
6057
9111
7235
5657
360
6955
4384
6542
27
2888
8257
9201
9289
760
7889
7966
76
4815
2398
42
9655
7201
5992
9231
9711
4544
2628
9455
1731
3070
5200
7548
8494
6977
1390
1651
1939
2294
3673
8669
2024
704
5805
3930
8702
6494
1172
2483
779
9437
9000
4990
2594
82
9771
236
8129
8412
3577
9224
7736
8651
5654
5428
3600
7963
2267
2523
4710
2668
4540
6262
2465
7858
5964
9007
8199
2694
1873
4843
442
3006
1071
3405
9818
6196
2983
2298
3619
6752
325
3561
3178
5616
6603
9714
6585
8011
8118
1485
9436
7419
6498
7870
4805
2046
9237
8529
2049
5412
1242
5467
8402
5085
9788
5137
3977
5314
7388
7521
2809
2159
598
7301
660
1657
6621
8355
318
4070
3913
9566
1879
3063
3856
212
7001
2181
4755
9121
4085
7128
8901
2600
9944
5378
9572
9752
673
6302
5779
5313
6967
5583
8192
5856
7894
1522
5580
5202
7111
6496
1552
4752
1066
1012
2066
7428
3750
2915
8870
7384
3693
5262
2151
8695
2682
7014
2334
2331
7759
1938
8372
1501
9570
4170
5023
8899
9494
9291
3400
8028
2970
6584
8319
6947
4319
1044
8449
8246
4133
5460
9997
7544
4802
9966
4677
1505
2687
5112
4317
6560
365
6478
5498
5293
4375
7872
9993
2507
4762
6693
1278
9387
7976
7228
7867
5862
592
3922
6289
8840
6961
5600
9225
2379
2513
2350
5329
6882
38
4716
158
1617
7917
6992
9893
7669
4479
4502
8036
872
6127
8457
1328
6154
7380
6922
2262
2346
573
2671
1
3474
7884
661
1876
3249
4414
6404
5140
3947
3118
1431
5036
5764
8254
8665
5895
79
2381
2699
6990
1168
5884
1787
6907
2136
5613
3737
5858
6544
7710
2780
2116
2607
9624
4789
1401
2065
294
3518
1444
3971
190
7883
3302
1560
3060
5817
4312
3764
7888
5645
297
2675
5624
311
2184
6877
8300
7838
649
277
7309
2067
6538
888
3563
6421
9138
351
1542
9580
5957
9504
3606
3817
2680
5315
8093
4786
4998
6435
1746
6748
9825
9027
9809
1060
6811
7802
7214
5899
7584
8377
5177
241
6864
4641
4964
837
4697
7686
6206
2454
5718
3244
2219
7942
2933
5620
4556
3001
7765
7183
5242
1813
7995
2444
7685
3604
5136
2207
5801
1802
3002
9684
6203
6222
8320
1075
7034
2162
2664
8709
1988
4367
7330
8658
9264
2502
5631
6835
8281
6471
5192
9352
2320
6340
9074
5405
4695
1654
5556
3038
5833
6160
5860
2989
3428
3265
2098
3671
8760
6562
276
7459
620
4852
2093
3103
3166
4929
540
5812
9180
3441
7769
5602
7161
4971
3863
9364
9548
5292
3555
3812
5353
7130
4950
5907
3088
7244
5188
5562
2956
7704
1563
4936
312
1155
6186
2042
8419
524
2957
5431
3280
1503
6460
7027
4456
4073
5659
4074
1745
4225
6736
8636
8243
9822
5010
340
426
2354
1018
7695
1699
2020
1595
9534
5700
5087
876
1993
3658
5894
9326
7598
3744
3208
5517
7472
1516
7262
8046
6554
356
1282
1160
6553
3938
2491
836
9539
9362
7623
3751
5947
8594
3608
7494
6117
4767
9939
5113
9166
5120
368
8231
7212
1375
2614
8260
2153
3853
6158
9797
882
7236
57
2935
3054
7127
6488
4842
7646
175
2821
4512
120
7347
1412
3794
5485
5032
4905
9429
2736
579
9260
4377
6446
2075
4457
4862
8456
6420
4135
7993
1735
8995
3191
181
6157
746
1408
6311
8168
6908
5815
4934
2230
953
9653
1437
8455
4235
4237
9230
383
4845
6387
9979
39
5855
6355
9008
3104
6892
943
7035
5574
3895
5100
1773
5148
3510
1955
4563
44
962
5229
8992
6499
3846
4012
6618
5247
4406
343
7761
2377
4493
4379
4443
898
2007
7595
3894
7873
1128
7793
8035
7425
7566
5893
2435
7911
4397
829
5103
9746
8276
867
4744
7366
2022
7311
258
3328
5486
6301
5264
4434
7067
3582
7991
5208
5889
9107
6920
1917
5949
6940
7784
7674
6804
1114
6212
4963
9265
9463
6689
7658
8524
6221
1056
5684
5710
6111
8330
9431
6943
1594
3818
7534
1559
1479
316
9283
4095
4222
7642
7898
4290
3879
7932
851
4878
9229
7904
154
1506
7525
1327
302
5966
2250
347
8200
8727
6081
5643
6719
7970
2199
9927
3279
1858
6250
7501
4176
1755
2826
8769
7312
7851
2670
9845
7811
947
852
9256
6768
7906
3190
413
9388
4711
9941
1707
6038
2209
6492
9694
7619
5336
6181
1243
8342
8450
2234
2407
4655
8815
5300
8882
5971
3822
4281
7785
3278
8951
3320
1767
3255
8094
7581
3231
8933
4658
9068
8376
3826
8868
3814
6490
3403
4448
5015
6652
7400
1246
2449
1167
2677
3416
2762
4422
4044
7215
3471
4158
8506
2324
4015
4505
8152
7076
2548
5393
6323
646
1395
7036
306
4474
3100
10
214
7434
7720
4840
8367
6738
6013
5938
403
471
281
5099
4857
9092
6697
9665
9228
8941
8812
7430
3076
8363
244
2165
6690
4581
8481
6319
5395
2279
2145
1275
3893
949
7778
3223
9475
5506
8679
9449
5236
9349
593
4962
7621
8831
5570
3524
4466
4318
8532
4385
8068
6198
8622
9335
5972
1376
8700
5704
6079
3445
6274
1590
4491
1634
160
2206
8716
4760
9311
3641
1967
9257
2047
5571
2930
444
1365
401
2041
7448
6799
4192
8715
6263
138
6465
4770
4635
8517
6062
9619
729
8408
9046
3260
3472
7291
7031
7506
3373
5356
4308
8639
1486
2728
1553
8029
1028
3547
9876
2148
9630
4793
2569
9913
2724
3030
9248
1756
1946
4090
6675
8761
2424
9508
1786
810
377
5806
2641
8758
8732
8798
2940
4325
5900
8864
3590
4189
6775
8538
8633
7699
4683
2771
8130
9192
2708
8159
3585
8971
3419
5232
4338
9856
6734
4435
3264
7756
1142
8810
4086
3646
6006
1429
7344
7049
443
5763
7706
6286
1424
5996
6583
2156
5673
1297
9350
9220
5434
4418
8903
609
1693
3963
425
8539
3684
405
6324
9223
1848
2785
4628
3857
9931
8322
6624
3272
5536
5766
6706
6853
5686
1504
8235
5599
7188
6914
9817
2237
1102
5274
8091
8555
4713
2251
7163
3784
4306
736
6037
4241
9109
1447
9035
8239
2991
6614
4841
8415
8926
5130
2304
3866
7151
1421
7281
9194
2654
7692
665
4027
8916
5926
2793
3401
9105
8750
371
4960
9426
7243
421
1073
7902
717
5017
8657
4105
5421
2786
1899
942
1065
60
7726
957
8480
7730
1954
7502
7429
7622
527
8740
6035
8416
2140
1991
3602
1836
202
9444
9470
4216
1644
8646
2215
2856
8843
6653
7909
4053
4045
2009
6847
7355
271
6505
9666
4486
6656
7653
8752
5180
237
6580
3754
3421
2571
1094
2561
3909
557
3821
5956
8454
965
9117
6802
3683
2258
8691
6591
1340
8799
8156
5902
6728
6750
1090
2479
5377
7604
634
6373
3261
7097
8059
6416
2429
9495
2315
8228
864
530
4307
5146
3198
7683
1597
7661
2889
8247
8746
1070
8822
240
463
2434
9419
3309
2900
1550
3886
1708
3072
1404
6358
4981
9565
3813
7760
9847
4313
8583
8948
31
4041
1125
630
1539
5697
3250
9706
5897
4447
1811
6236
207
607
346
7559
4546
762
1210
3262
6858
7052
9585
127
2311
2537
8597
5563
1249
4180
619
7371
2954
4783
2018
7671
8477
1647
8097
2442
8420
1296
2440
9397
654
9760
7764
5375
633
8393
7847
7072
4798
9204
6932
828
4396
9839
4719
497
2798
750
1677
6891
7869
7479
8237
7890
6863
9792
9986
9064
2767
5877
2329
4016
7628
7746
800
8445
7490
752
6168
6610
5169
1083
3920
1794
2186
3243
2166
9800
8439
8272
7379
6242
982
64
4187
1621
3587
4227
6635
8259
1455
9485
5742
2087
251
1454
5374
9486
231
1819
806
5661
4884
8096
570
6966
3728
3286
6803
298
9009
92
5898
5668
2081
1336
3485
833
6912
1204
8763
4639
5604
148
7442
988
4482
3601
4599
1886
1193
509
562
8000
1441
813
3426
9506
8686
5064
919
4420
8530
6189
7147
6628
2063
5171
3057
8371
5006
8401
3612
1457
4348
4688
8851
3404
1747
3358
4674
9729
1962
747
8438
1763
3804
1245
4191
4232
5419
9360
6374
137
1916
4559
5795
4296
6050
8022
122
761
9884
4217
3523
8569
4704
889
7039
5194
5990
2218
6657
2164
8909
8379
2549
2946
9179
9889
9525
8929
683
1982
7458
6291
259
6318
9773
667
7509
3215
5896
8098
9420
8183
2727
6671
438
8667
968
3142
9828
2936
6482
6709
7864
1354
5737
8087
2492
9406
1557
4459
8410
5507
2312
4415
8071
9724
4356
1888
6678
8751
2128
9894
7868
6220
8056
9301
719
1822
9775
7987
7086
6970
1288
2052
9411
3935
2205
967
1814
1215
8961
7862
5201
6303
6638
9851
4594
4426
6958
2031
3529
7192
7787
6388
921
1309
997
8873
7058
4578
1433
8872
4602
3979
1382
4098
7084
36
6430
5857
2113
7504
7233
9026
4129
892
1972
6254
3872
4142
4676
4656
3843
1728
5705
9549
2965
7881
9588
328
77
6665
5501
6491
7946
5880
834
9974
2060
9271
1396
2229
9318
8791
1456
895
2176
2124
5470
8015
960
2720
5291
4699
8125
1361
516
5441
6568
6367
4035
3726
4386
8602
5331
7554
4564
6107
6295
9309
1308
1452
2249
7092
2532
1589
4437
8830
7083
7727
1656
3203
3765
7538
5106
291
657
2608
948
5677
1216
4900
4046
6417
6960
2035
215
6647
5287
5987
3121
6051
6143
5281
6646
9065
8115
1481
9667
278
564
5554
3240
3135
8906
7797
2660
928
5989
3
7514
1097
3009
3993
7470
9251
589
5911
5960
5559
40
4901
515
3793
9961
3759
5735
8985
1701
5874
9591
9759
7916
4392
1703
2289
9477
4645
1891
1287
3538
2126
6264
2307
9069
1347
7359
3307
7061
2490
4238
9992
6008
9329
437
7098
3051
6651
8074
6058
4454
6330
2118
406
46
754
9754
3429
8383
2110
4080
8009
8581
2083
765
945
7120
3151
314
678
4077
809
7945
7737
9244
9423
1235
8348
5824
6566
1248
197
466
8007
2123
3408
159
6523
9641
7056
2468
9658
656
861
1818
6213
9960
4751
7222
9844
5110
3682
1762
8624
8811
5463
1901
7112
2577
3772
2097
7274
6238
3355
9447
2301
6359
5045
7230
6952
6859
3537
195
1717
2037
285
2392
4774
1618
2904
1551
4707
5861
591
3378
4952
4577
7050
8069
1964
3308
1448
5844
8204
185
3217
1744
9987
3193
7813
6917
7445
3982
4550
9936
4087
7923
2964
8050
4784
1178
3157
679
9499
8797
716
4257
4210
2370
8634
9389
7599
3834
815
2122
8824
2337
7030
5465
938
6005
2774
1426
2802
4718
4595
9867
510
8230
3284
8859
2698
7899
4876
5845
583
4792
3797
4671
4265
5455
5761
2335
125
3334
2540
4613
1428
5410
2322
5696
3871
4460
1852
3079
3715
7589
7842
2072
9664
5892
1680
6438
9733
5363
5151
3493
4855
2973
6298
4361
9414
8979
9841
767
4002
1132
6155
7763
4663
3762
6078
6894
7836
6407
6137
5030
6716
1417
204
3586
8600
2051
3802
7141
2208
5593
6994
5123
5394
2620
814
5344
6919
43
9296
8786
1434
4610
2747
9165
6070
2896
6332
1339
6474
5569
3176
2685
9162
2686
1163
6389
5280
1011
4874
263
3150
1374
8947
7815
1067
3552
2111
1985
568
529
4593
9518
2657
4488
7415
6437
5190
2990
23
9553
2372
8954
4932
7999
2924
9286
5263
7261
8970
4830
6969
2419
6077
6282
9189
4933
5503
3719
8542
2101
2998
1769
6147
3039
3781
695
1460
1343
2273
4402
2510
9104
7740
3702
3675
7738
7
9252
5039
7843
6320
1877
1772
8366
740
7200
9848
4000
3525
7461
9090
3770
2383
8089
3452
9982
545
9645
9279
1884
239
4856
563
1815
4364
7732
6763
1372
7786
8443
3615
5854
3952
2224
3274
1349
2922
2962
7677
6887
9125
7370
6504
131
5351
1681
3926
5921
9743
3016
26
8832
4274
6002
6333
4535
7071
4220
1112
870
1186
8150
9826
2070
4072
2887
7593
247
4804
1544
3880
6579
5027
5832
7125
1091
5117
5747
8299
350
1995
7268
2714
4147
1671
8904
6645
8543
3381
1001
9369
8756
9513
2886
2295
2115
9596
8584
8730
5641
1082
2361
5048
5891
1577
2836
1039
9095
9830
8717
4822
1317
2254
6776
3036
937
8202
6326
4651
628
5621
712
7701
5591
1013
1473
8739
1494
3028
9039
3341
86
447
9336
7047
8741
8692
7968
9801
1240
659
534
4383
613
7467
6247
5829
8877
8303
9427
7489
2155
8482
5035
9139
1665
9159
5528
7666
1415
8523
4687
1792
9821
7833
4062
3364
8110
7882
6124
4261
262
4444
5687
8721
208
1576
5998
9742
366
9762
2297
2604
9106
860
9303
6304
4463
3245
7783
5681
6588
6773
670
8279
2340
1004
8267
4332
5623
3353
724
8311
1435
930
3545
6501
2626
2862
5265
8391
4844
8936
6112
3220
7382
2367
8880
5851
4034
590
4337
1543
3689
4342
7409
1321
2286
6133
3092
8161
1784
9682
5842
4944
7545
3306
1430
9699
8945
954
8565
7960
5553
1782
3346
1922
2795
2470
9458
6243
9767
18
808
3290
9012
772
177
9459
4247
249
5941
1602
9713
3235
7552
1970
8955
5753
3116
3943
1638
6792
4545
3953
4303
1113
9403
6128
7905
5052
6231
4128
6821
5551
7747
8266
6040
9977
9871
1936
2135
1846
5197
3008
8573
4088
1720
6321
926
8139
3610
5051
432
5246
6041
374
1229
5128
9747
4055
359
8841
3505
6146
3071
8143
171
1797
2757
1526
459
4021
2996
6608
2879
8447
5913
640
8613
9376
1510
1029
9862
5520
9736
885
9617
6913
58
6459
9314
7607
3506
1442
5744
3720
1546
7292
8733
6256
5261
111
2270
8795
8103
274
7826
1360
1974
7184
1478
8441
5981
113
6118
2842
7620
327
9730
2542
7969
8487
6249
9820
5793
6606
8956
6415
1109
8142
6394
1730
6383
594
5301
5138
1462
3216
4824
9651
6233
7004
4119
732
5762
4141
5846
6457
435
4169
2
8248
6353
73
1280
9212
9154
253
6056
7463
9268
242
6735
6362
9079
6516
4440
1273
9208
4470
4910
1201
5079
5953
4193
6327
8461
8162
1063
4382
8073
5466
3536
9465
3281
5576
6300
6396
6429
1406
6210
4500
5325
5273
6895
8418
5606
5132
2585
1933
5237
7891
3546
5026
7464
1389
1151
4730
6477
629
6131
7202
868
2616
8772
9829
4039
6780
1488
2839
5649
2044
1076
710
3595
2348
8053
8296
5254
9142
3655
5826
9888
2463
7392
7304
9877
2645
8339
6724
2735
2544
3958
2551
7789
795
7254
533
8556
896
6368
3705
6408
7499
4289
2872
7498
9985
6573
3924
8705
8649
142
4866
7075
5358
9589
194
6521
7530
1509
2281
6934
3345
9763
8109
6151
859
7207
4825
9432
6251
4452
1164
1359
5014
1231
6142
5509
1087
5371
8540
3045
1002
5699
7059
3184
9878
3134
3527
6684
8918
9120
8140
1258
3877
1898
6988
1357
4022
6981
502
8983
9626
7567
3463
3102
5408
6979
452
1649
339
975
2030
4880
2838
9515
1122
4248
4475
6164
7321
2233
5908
8579
2011
51
8656
1141
8404
5663
393
2240
7337
3322
5260
9629
8148
6743
5633
5760
6740
5931
155
3085
2647
3454
1342
1267
6356
8685
7496
2982
2943
3483
3771
2074
2931
1798
7610
6001
1140
7322
6658
9842
2352
3653
816
7857
6239
537
1346
858
9552
1796
1658
8698
6742
6837
3941
7850
4514
987
4162
2920
6733
75
3533
4195
9181
7493
4102
990
2817
804
6594
4705
388
3252
217
4899
7109
7449
5934
8664
4531
3966
3566
5326
2445
2351
6795
2598
1386
3905
4430
320
7835
7839
8964
8814
5335
3710
5349
7831
2201
971
5950
1627
4092
394
5476
2603
4160
9708
2448
7216
2517
9621
3005
9258
9757
4394
2462
5909
6317
7326
6101
1673
8406
2531
2637
8846
400
7356
5714
499
4404
8749
977
3724
7925
8562
9023
9614
9158
1614
7988
7224
78
7856
373
9613
9082
6644
4419
1398
1500
6141
3173
1319
5163
3785
8163
322
5767
6139
4618
1111
2840
1904
8706
1200
8728
5916
5952
4552
780
9524
4114
996
7486
6328
2611
4173
5205
9649
7510
6267
4709
1702
6852
6287
5060
6816
9083
9340
7511
8574
5883
9852
818
9227
8558
8704
7920
8327
5484
3779
7822
1569
7728
8849
643
2833
6063
4148
5888
7800
228
3657
1999
2834
3800
9850
7735
4503
174
600
2506
1136
6681
3130
145
5290
580
9305
5157
1371
7438
1261
1911
7196
1064
9717
2005
8386
5707
1976
3107
4947
1837
3919
2921
2534
8169
8980
9076
6829
7338
2934
1031
6268
3435
8023
3273
8575
1652
5379
5266
5627
1816
5407
4849
2121
5108
7178
9353
5070
7913
9474
2480
5819
632
6022
4626
3575
5716
5727
8112
1034
6113
429
8869
8593
8693
4946
5754
7043
3479
300
9451
9096
4742
9472
3633
6813
9693
6090
9010
2552
8250
5385
1416
1732
3517
1808
4518
1233
8329
2882
8064
2413
7992
9491
839
3661
5294
7575
8138
6305
5328
4794
2617
3849
1571
6918
7776
6003
6169
8310
4566
5717
1302
29
3679
338
492
5020
7093
1364
5917
5050
9942
1804
7570
9503
6030
6831
1591
2725
3514
3990
6874
7690
7580
7578
9233
5655
2169
1147
487
7832
7817
5333
1135
8596
1871
8850
2651
90
7260
3119
9052
8238
2245
5589
9013
3424
93
2560
2525
1169
7452
9261
2293
9452
1352
6033
6228
6991
4417
2691
5124
5089
8227
201
2963
5912
3936
8356
7341
1369
624
6162
7206
2338
1949
4924
2868
1305
8464
9113
1721
1045
3808
5694
9909
5390
5357
7422
5193
1290
6937
5016
1622
6215
7975
9963
7102
2951
8197
2231
981
2310
3948
9633
391
6609
790
5155
4746
2648
5828
9482
4777
2369
1975
1225
5853
5055
4968
2884
2819
7921
2457
6489
3739
2981
1077
2818
3502
1050
6726
3396
6476
478
8549
3282
2027
3780
3542
14
3583
2863
6924
2768
3112
6596
9391
2220
5482
7159
6470
9994
1805
4185
4007
3495
8819
2332
8861
6331
5319
9450
9892
1715
6116
2752
8566
8972
4495
6855
4896
2252
5216
7204
8116
6592
7437
9937
4691
355
1874
409
5417
7080
6721
326
3901
616
252
720
7387
4808
8792
7396
7954
9925
6084
7616
3153
8006
6399
748
5651
9523
2359
9816
831
37
9753
586
7175
1199
3311
3631
4666
733
2243
4411
9078
5167
453
3136
3651
3206
8024
3277
3616
168
741
2453
7328
4997
6121
3945
5093
3251
5286
5083
9005
5049
6103
6757
5799
2848
6704
9071
3789
3617
431
9274
62
9637
5496
9998
2092
89
4030
376
6839
2588
5830
4590
963
8490
1400
9755
2876
9407
5514
6766
7144
2414
7672
5544
1126
6871
3825
8282
8088
552
6468
2431
8019
2182
4300
7748
8957
6357
6880
5873
6692
1143
7931
4980
2766
5875
5474
2108
5019
1847
4112
3665
6386
6732
9275
7085
3491
2906
3629
6701
6629
7037
6770
1554
395
3829
4439
4923
2375
6384
8881
2357
8745
9207
6849
7199
5252
7938
6422
6398
102
4446
4048
8866
6948
3455
5322
5129
1191
4371
1687
5582
9618
8512
3035
3263
5625
2138
2038
4387
8278
7397
8478
1379
3878
759
9903
9866
9726
4026
6715
9640
6749
4188
3733
585
8269
2183
2058
1973
9409
7739
6860
1221
3803
7295
2474
8788
4647
6125
1489
4212
6534
6827
8687
6503
4701
6939
2980
1049
4263
2979
1477
2198
49
7363
5636
5126
7277
4555
6048
4829
9337
9226
9561
2469
304
4985
9529
4174
1588
59
2160
415
1776
5500
5937
8611
3147
8255
6071
9118
3473
8190
9720
4520
1536
7564
6202
146
2976
5152
9396
887
2803
2177
2170
1860
4208
6352
4358
6663
1495
681
9900
961
5711
725
6034
7123
9965
6536
3568
8526
2907
8737
913
2057
8991
830
8988
2877
2590
7555
5459
7568
330
3507
5189
3749
1998
5355
9063
1743
1299
8323
7705
4773
7375
1829
8807
4735
8729
4565
301
1212
6725
6182
9102
7594
4250
1159
1405
2263
3729
7284
8216
8976
8874
8395
4082
2605
8714
8491
8885
8208
2059
9632
5258
2808
5259
8586
2133
8458
7048
3970
8803
441
7240
4403
4244
3927
8630
3293
9707
7100
6411
7517
8432
9831
9764
1098
473
3185
9631
7640
1257
2718
1279
3154
8504
2801
5437
7952
1966
411
6909
408
6023
363
245
1392
9790
5416
5656
6928
8206
2967
317
7983
5220
2995
56
6993
1010
9217
7605
7431
3882
658
7665
8338
2443
2269
5480
3599
287
5526
9778
744
3029
7032
5676
778
8986
5821
439
5997
9385
8012
1037
5464
2178
7531
6065
7951
5573
2385
9819
9579
9374
2770
4322
4883
3447
8753
7041
5182
2411
553
6099
2984
5497
6986
3140
9584
1943
5803
635
841
198
3377
6497
5991
1716
3727
3433
5540
348
8748
5725
2662
1388
3865
9644
4465
7171
8067
3769
3864
5115
7435
697
5901
3062
3539
8294
1607
4340
5492
474
7010
3117
3347
9556
2248
2869
4489
8262
6313
2161
3931
4349
2813
7630
7875
6968
2308
2188
4326
9770
5928
2089
2143
6916
7837
9466
3406
4530
2432
4554
5411
8214
9322
3625
8352
5142
2640
4528
745
7250
9143
1545
9600
561
2396
7750
489
9766
3716
1084
2972
6170
8273
9573
4831
428
449
6571
9140
3380
8001
4144
2778
7781
791
9522
6805
7122
8403
7560
4917
4736
8825
8999
4898
4277
9547
4069
1637
3331
1072
8120
8350
3816
6255
5341
9304
610
6153
9211
5579
1251
6900
7413
1154
3576
9160
451
1284
6098
8994
8507
1803
9182
3551
4213
753
1774
2732
5959
8041
1737
219
6785
1880
4304
8095
9696
4350
3172
3766
2618
4423
3763
1780
4756
3645
5022
6379
5425
4743
5090
3295
6226
9970
2158
9638
3438
5454
6682
4109
3836
4366
2399
1017
8894
386
2261
3059
5435
1059
4378
9356
7231
7090
699
8537
4584
9367
1741
4631
7303
8426
7094
5511
8736
8500
4642
3246
3046
2410
9134
5183
9480
8886
4560
112
8800
2891
2591
2555
8196
4757
203
4266
7949
2225
6972
1682
7251
4781
290
9679
1605
5065
4948
2221
2376
107
3957
8370
8446
3752
966
2102
7519
822
2029
4869
5954
2822
2393
8123
3267
8392
5187
5119
9205
2319
2566
1252
6393
8804
3508
6703
7523
2349
3968
3591
4395
1601
6885
9688
6872
8131
2247
1859
7267
5811
7280
1806
4186
5532
9567
7853
9955
3721
479
398
227
6772
4011
1908
8659
3020
941
2731
3570
9601
4025
2810
848
5156
6019
8473
4487
5787
538
7799
6807
9691
2554
9687
5384
5423
9110
7967
6506
2858
2433
2271
3434
2509
5295
5672
734
9386
1469
684
3972
8002
3258
9602
6747
2306
5869
9571
4089
8205
1194
3521
5770
6903
6899
3379
7719
8587
8261
1894
9067
6424
9300
4832
3181
5903
9156
569
7404
5586
2255
6683
9715
817
4428
4818
1384
4612
4909
233
1616
5320
3830
8488
4450
9996
4801
9761
3391
5285
7179
1768
8939
7444
2831
8079
1608
2597
8147
4137
4056
5452
1777
6612
7390
1832
4700
9635
8960
8222
3078
5784
9538
1270
1402
8891
8133
3139
7021
1927
956
6541
7491
878
4640
8582
1171
4733
6974
8380
1965
718
4205
9041
9468
1705
558
3534
200
6074
5116
576
1977
5864
9590
9153
883
9616
5227
6710
1531
109
4399
2743
3984
7124
2723
8668
2749
7529
4093
8618
6089
53
1046
7635
4904
4548
869
9542
3898
1581
4107
5605
5701
5712
9287
7012
3386
7203
9
2241
4763
1057
7878
1799
7629
2272
2592
3799
5203
1422
3692
1573
1604
8388
5267
1979
6004
2000
8911
1996
4940
9375
7335
6061
1711
3086
5585
3778
8081
4659
8969
8295
9520
2713
9583
3132
6385
5504
917
8533
8577
5311
5872
4739
9781
7849
879
8631
118
3626
3579
636
8592
114
6455
7707
4004
3743
123
9122
8790
5642
7712
7500
2079
1596
4413
7573
8119
3199
2870
2564
554
1180
3755
4861
3357
7482
2391
9210
9371
6
4983
8463
2853
3940
8065
9853
605
1997
5104
3443
7264
397
5449
7408
4611
2016
9607
4060
993
9562
6577
4207
7223
4335
1855
3934
5515
418
9901
5932
144
8321
8499
3298
9905
7104
8608
2781
8425
4588
3824
8177
7535
2860
1625
8640
6559
6833
6299
2071
4681
6261
3944
4614
3011
1276
6280
9673
6518
6126
8513
6343
1120
9774
4580
6572
32
3999
5101
703
412
3690
8924
2239
2412
9670
4586
7512
9656
6218
9608
9868
3414
8805
6009
2511
384
2835
5850
1897
3648
4741
7317
6403
7162
1410
845
9048
4853
7929
8486
6825
1957
5444
4871
4873
9558
4388
5745
4672
1491
9055
4976
2806
8943
1030
1051
1292
4259
9176
4539
5332
8346
8100
7664
520
8653
9527
7042
3911
2268
9053
7320
6698
7964
4054
2257
2173
8144
5067
8037
2045
3073
792
3093
5223
783
4234
7812
8333
7474
8474
5816
8967
8536
9191
9042
789
1189
1759
1052
7539
2845
9135
7273
5886
5738
7288
7829
407
1598
334
6868
2360
2130
8895
9401
9639
1161
5792
8220
671
9246
4679
5339
4253
7038
5297
4106
2987
2880
337
52
2305
5776
8617
2193
9623
3477
8997
6163
7271
3090
3760
9195
1272
1513
6452
3049
3165
3304
4018
3256
3584
8340
3669
3227
8928
5
8645
54
9517
30
4280
9288
1584
6493
521
7373
5910
4494
2214
1293
9728
5596
5734
6631
9872
2959
796
4617
74
1663
1254
6297
8017
9563
3695
7101
5191
7279
7855
4111
3917
7103
9912
4633
4889
522
9576
8876
4992
9710
6096
5702
9935
7563
2017
273
2644
5427
313
9434
6495
3639
2938
2656
8571
101
2050
3680
6156
3411
7033
2441
1765
9136
7282
9240
991
7495
5033
3442
9425
321
1706
2025
4343
3929
9827
7259
6771
4726
8158
6823
9902
9662
6546
4510
6587
3486
5362
7626
2451
9545
8291
2574
3858
528
5522
3490
3499
5662
3082
894
2471
2689
4029
0
7053
8360
5143
1547
4609
7239
5976
6765
826
4215
1149
4264
2719
1548
3114
11
7886
183
2062
6265
4632
9087
3722
5462
7205
4178
5388
2847
969
8292
2174
7990
2321
4787
8318
5698
67
7383
6737
2323
3226
2521
5527
4373
4255
8644
1307
5255
7361
372
6755
9445
1751
8570
1127
6104
663
2415
169
6889
7974
472
9100
1724
9308
2119
8858
6712
6565
3228
9366
9880
1567
4224
5041
5195
662
9560
7700
9636
2144
3795
9410
9794
1575
3664
2107
6841
9036
4558
8734
6597
3458
6445
513
8778
1230
5235
9555
6507
115
2168
5552
2844
8818
1418
7403
3662
1758
2499
7315
2439
8137
8021
2054
293
3115
8528
3194
4728
1474
1093
3044
8479
9169
7153
3230
1175
5370
6184
2416
4408
2494
2754
136
4113
5743
7257
1895
4576
3903
1694
2543
33
1047
902
1761
8413
6395
2088
5432
9433
7516
9735
7852
141
7587
8553
5402
6055
722
283
4542
9734
4008
5948
3329
3788
3462
3000
3080
6351
3782
8946
1266
2629
4885
7733
770
6634
7688
7170
2769
7901
2859
7959
1345
8987
1170
6530
2285
6123
7323
1669
8672
8720
1239
1329
3425
6720
2013
1300
1152
164
4838
4911
427
4712
6510
5797
8462
2945
1387
6472
9610
4814
7129
1666
9379
1158
4541
1192
3509
4877
3105
66
7195
4036
7436
9973
2958
8111
4965
2824
6933
9526
5923
8136
1487
3469
8738
2423
5212
7662
2283
2580
5984
7971
1247
7805
8472
9174
1670
2799
5890
4298
3578
2787
2103
4323
4315
266
1023
5091
751
9928
3519
5289
2287
98
1464
143
6764
5198
8466
5914
1483
8451
1362
8453
1521
8655
9333
9837
5692
6545
2330
8683
8038
4816
9625
1303
855
6270
7157
5219
19
2485
2873
2053
7016
7762
128
8476
6590
7965
1674
5366
525
5391
6875
9202
4183
5876
2927
3854
8298
7775
1840
1835
100
6253
6672
8953
7287
2913
8765
1754
4059
9840
2012
2333
3697
3360
8264
6951
3095
933
4267
950
9424
6783
3504
2741
575
9908
2621
6760
8932
2866
1493
4955
7148
4859
462
6414
5929
5685
4930
4260
8564
843
7318
6576
7181
3807
8544
5400
3838
6539
884
5372
7211
6467
5733
7574
3596
99
6234
6382
170
6950
2446
5689
771
723
3225
3839
6059
4951
7339
4509
5848
651
5003
6687
2679
4049
490
6433
9768
9586
8193
2316
3234
1695
8145
9382
4480
3965
5471
1615
6483
7296
152
978
454
47
3413
1341
7332
3351
774
1789
3528
3819
2482
6828
6817
3668
785
6448
1903
8364
726
9758
1923
9144
4833
3735
1600
5502
4052
3033
1712
310
6434
8879
8920
3831
1629
448
3420
9727
3004
6480
1053
5632
8516
4682
1007
6337
3003
838
6456
2715
601
8568
3061
206
9478
424
4657
3496
3630
3241
1579
602
9056
4206
4961
7618
4737
7308
3783
4863
5980
6540
5588
8585
3370
5450
7879
7381
6756
7055
333
134
1121
9358
775
7731
8030
1950
3530
3860
1870
9345
6620
7558
2855
3652
2815
3069
2659
4553
9222
8515
9249
9402
2456
6439
5843
4292
9578
8784
4258
2841
3884
8258
5478
901
1241
2820
709
4749
5053
211
1482
4311
1953
5288
9276
9835
2021
3811
1148
6865
3087
2467
5389
9999
1385
2318
916
7068
5665
4096
1868
543
3875
392
2484
4516
2716
1117
7439
4693
2625
8847
3484
7682
5789
7040
8270
7914
482
8436
8501
6791
6713
1515
7766
1156
9190
2756
9025
1562
5541
7944
6230
1824
1893
644
1727
6223
7724
9015
9164
8826
1520
5175
4333
1628
9920
4547
1129
4620
9940
8058
2001
6046
6418
3291
6232
6432
475
2997
4606
5209
3777
835
9802
3876
2366
2150
1176
1752
4273
4630
2707
959
8888
2503
8774
8958
7557
2971
9177
2386
3916
7647
1725
7242
4152
1849
1640
2825
8875
1373
5226
9332
677
9533
9919
9040
105
5783
5277
2705
6754
6260
6723
358
7840
5086
3598
915
811
6787
2765
929
3614
2639
5429
1332
1040
5296
3183
1446
156
4286
4297
4646
6066
7378
1930
2683
8232
6370
3239
2568
2477
6915
5323
8548
1157
7365
8245
6815
389
7351
3899
694
4573
4229
209
163
7910
4231
8173
9683
9745
8921
9668
5587
9659
5179
7046
4401
2347
3207
4579
6145
6582
5773
8290
2403
2405
742
5610
7329
6466
25
1227
8075
1370
8547
650
4327
6512
7606
5076
8186
1845
6975
7791
2388
9646
3327
3605
9282
3171
9351
8492
4766
1863
2436
3109
4608
9756
8057
5590
2814
2692
1027
9946
7526
133
503
6338
3326
9236
5813
4017
6883
544
5386
7583
2919
1351
6216
4149
7293
9749
9969
1807
288
7073
6761
7079
556
1205
4926
4513
8062
6528
3440
6241
7537
5365
1928
7579
7248
8225
9115
8285
5488
5548
8770
4295
4890
3371
9066
7681
6595
8055
2761
5165
3628
2363
7908
3852
4987
9951
4937
2547
6372
3694
5730
7302
9789
7780
4811
4928
3488
5098
9718
696
3450
5778
1800
2609
7131
5577
6458
1383
4627
1068
235
8984
6700
6798
8845
5456
9484
4648
2606
187
6717
3497
5166
4953
7193
5560
81
9255
1592
897
1074
5679
7155
4999
5268
6881
8829
7450
4685
6944
7943
2730
6714
8821
2179
6599
8966
5092
4040
2452
6106
6200
3887
9492
1643
4913
9278
6144
7167
6550
5334
3511
4714
8905
4400
7088
5759
2422
4918
669
9911
3730
3081
588
87
7863
5009
2602
728
6893
2428
9678
8312
4181
9568
6786
5244
1356
5566
8397
3402
9334
4365
3192
9086
5531
1662
863
4529
2755
2131
5994
3983
6392
6777
4551
8043
8358
7064
668
6080
6746
4471
5298
3034
362
354
6567
5841
1468
6273
2666
5127
9546
9575
9807
6537
1187
2615
5097
4243
7453
9975
2912
1069
9124
243
2039
2096
8359
4097
3897
7996
4797
6110
2854
9394
1718
1980
7441
8910
5802
2157
2317
7801
3110
6870
6272
8674
1498
4410
1182
690
7977
7185
5545
265
9081
1710
7641
2530
4790
8236
5111
7372
9172
7237
7324
7487
7556
9500
3158
5481
9859
8620
4507
8090
4921
9945
199
7643
9530
3108
3637
3143
4867
5380
9038
8306
3149
3303
8187
2242
6878
9834
483
6097
6973
1377
8867
8316
2658
364
7957
3253
9398
8643
832
6688
7140
4996
4341
1222
9149
5973
3146
9983
6801
4870
6843
3387
7307
7376
7255
4492
1036
6680
9569
4574
6964
3541
2086
2382
4066
7934
6662
7757
5513
9505
450
3248
4958
2238
7156
9654
6600
1952
2204
3382
2033
8768
6152
8689
595
3891
9108
6527
4269
6971
2501
560
5270
7751
6032
2837
5839
8178
8934
3553
9307
9112
1932
6820
9799
1820
289
6876
3292
1990
4126
7637
6377
4497
6135
4979
4262
8224
5715
6996
5206
5946
955
8215
12
5835
3415
735
3567
6731
1423
5317
4795
1882
7547
3500
559
1304
797
6475
6136
6245
9544
4731
3283
1992
9779
6926
7063
1256
3686
4122
8302
9496
4865
2196
6428
4820
3017
1843
7108
7023
1367
2828
8253
3681
5863
9292
2804
8218
866
923
3801
4771
2213
9273
6204
1397
1250
3688
3385
6987
2514
9785
2631
1492
9857
6285
8998
9315
1026
2986
9392
2154
6669
2084
7290
4636
3698
2867
4121
5546
9519
5664
4748
7082
4598
6054
6276
65
9047
7460
7958
1986
9031
5775
2100
9272
8431
973
5974
1436
7164
565
5004
3706
9091
3319
4462
1312
480
5340
8626
612
7973
2579
1310
9971
707
6028
3767
6551
6378
7466
5461
8107
3018
4101
8394
3823
3083
7423
6965
1381
9924
385
2908
1238
4445
693
6161
4201
5443
1698
6240
3985
3453
1333
1851
3315
4925
1653
7794
1850
5572
2515
9603
4649
5508
2526
688
9128
3021
4893
7089
3992
7005
8952
2487
1686
61
4973
3796
3544
1937
2264
1220
6201
4246
2064
2661
3317
1697
3873
2309
8776
3731
3515
8495
8082
5139
3885
5387
7002
5154
6814
1781
8754
5958
7844
5170
3314
5185
7680
7816
5330
303
7081
2700
9178
2397
6075
3933
7654
3366
8676
1465
2789
342
3554
3676
2796
1334
8389
5125
9016
7600
9765
2977
4526
3321
5061
7734
85
2105
596
5597
4888
5094
9959
2274
28
3067
6741
7198
5453
1184
6211
2895
9116
6064
9285
3456
1096
7145
8722
1914
8283
6838
2575
5382
3910
8806
2516
8127
96
2775
7285
3685
2883
4969
2524
9209
4363
2961
3365
5595
5439
3981
7213
7401
9676
7612
3512
675
6419
4810
6316
6779
4906
2303
6980
5059
2129
4157
7981
469
8429
7961
5276
7346
7790
9716
9324
4230
6686
257
1232
3019
512
757
1244
7565
2073
9473
5786
3026
210
3516
5196
4907
7154
1145
1130
7767
3562
1734
9681
7638
7768
2926
9242
1907
7774
229
6334
6391
9003
6381
4975
6269
3451
3564
4660
6866
6060
8789
272
3526
6517
6193
5013
6177
45
6846
4977
5475
8599
1181
9709
6187
3573
8977
2192
7633
9415
8044
840
1641
465
1118
2988
4005
4372
7142
4127
1095
9218
4836
4314
8390
1532
8782
7675
5804
7190
6589
9701
8781
1757
6555
5494
9011
4469
9719
903
865
3640
6252
3205
2576
6192
6676
7645
7711
41
2960
7289
8793
7225
7484
5977
7045
5275
9344
6176
2942
6016
5218
8153
5021
1088
2807
3862
8066
1947
8497
7166
9146
3756
7478
4139
2327
6625
1801
7008
4359
2223
706
5628
5008
6906
5963
9479
6659
1902
5782
6800
6519
6564
2918
781
9582
7895
3642
2284
7865
5077
1294
8048
8025
2455
2994
4381
6911
5251
4523
6325
853
8289
1570
769
5640
8950
117
4436
8890
4779
430
8522
434
6390
4427
6826
4198
8654
9705
8935
692
1630
9018
980
9698
705
3384
9168
7194
8922
7982
9148
1213
9952
2992
6753
2948
6087
5445
2282
15
1795
5069
9805
13
9507
2302
5772
5519
8834
341
3581
3986
6473
8783
270
7742
9532
8742
8223
7689
5054
1688
2458
4003
9537
7773
5074
7798
8106
493
6654
3757
9962
1211
9141
260
3776
2953
6632
6108
3312
6246
8707
6271
129
1650
8541
764
250
2447
1929
3449
4525
4538
9185
8086
9442
8823
9915
9784
3845
3678
7488
1419
4196
9171
4421
3736
6923
4819
8102
8896
2010
3106
1277
9355
4083
7172
3301
248
6998
9417
5483
1195
7362
1451
639
7327
8263
3394
2461
7218
3111
378
5882
2043
8113
9045
6410
2278
2759
1667
9907
5164
4380
4293
9247
5943
5215
4851
5523
121
2095
467
8184
572
9483
7577
4132
2595
1969
8898
7029
6296
951
2260
4813
6172
1583
900
8422
7209
2520
3179
6031
4409
2008
157
8762
8759
6513
3167
6985
2764
4732
8384
5073
5614
2667
182
6762
2326
2729
4242
7753
1785
324
6556
3520
5084
3844
7026
1024
221
2028
7915
6547
9453
3180
2784
4136
8154
4650
176
3075
5726
9328
3746
5752
9022
4037
7508
1484
8151
4065
6616
4872
1475
9262
2104
9199
8724
402
5272
5758
7426
9075
8484
8210
4438
5002
6339
5739
7099
4806
5312
3580
698
9006
7771
8619
8855
3709
1905
2400
8244
7182
3607
2695
7754
6052
4534
7743
4994
7454
7386
3786
68
6214
5660
4336
875
3091
161
5348
2903
5105
3324
1713
5430
7374
4582
2019
7846
3031
3042
3741
7117
672
1338
4678
877
9089
7854
1042
5438
3409
7364
4522
8052
1540
9980
246
2401
1499
8357
8743
2460
4309
9184
6479
1856
8099
3550
4131
6275
1538
9964
5034
4202
2734
3918
8708
1348
904
7174
5675
8816
1005
9250
2832
5248
5788
7986
2420
4662
172
2704
5961
4604
1511
6024
1425
5159
4156
6020
3297
8723
3448
7177
3558
2947
1642
7022
4993
1197
2846
4607
6450
5499
5361
5239
8251
2194
4424
7885
1459
6464
4653
1427
7180
1691
5658
8122
5305
8284
3397
124
2550
2849
1101
2339
9221
6140
6602
6910
3390
3212
9476
184
8349
6848
6832
3960
2343
776
4572
3841
999
6788
9648
94
3773
6350
4061
5592
1885
2823
4956
5047
8572
460
5442
7673
2646
5233
2389
7651
9956
3569
3835
4972
7011
3869
6667
6508
9593
5648
6088
119
9609
3113
8605
3037
2216
2094
5304
1722
2635
3707
5945
9438
2069
6778
1041
7979
7121
6901
2684
9808
2004
5814
6027
1527
3532
9137
8688
623
1324
2368
3623
7160
7325
9885
3699
1841
5774
8256
3740
920
7985
4164
1760
8373
857
1636
1008
984
2632
547
1439
2139
6188
3768
4433
7091
2404
1931
910
7709
5307
22
8051
3961
2885
4912
5241
7455
3748
8421
6640
3470
2195
5927
1921
7017
3907
9021
608
9097
5404
486
1766
2147
5406
4024
3126
8341
7314
3374
8209
9557
6484
6114
9132
3950
5534
8563
456
4477
9810
2114
6036
2563
5418
7360
6840
3393
2894
3186
871
5068
8080
1528
8301
5561
5965
9098
267
7876
3336
292
3318
5063
9187
1325
70
9280
5671
9363
1854
3159
2280
4038
5951
4172
3620
9873
6375
268
9811
2893
6586
9740
9197
1237
5564
3745
2874
2559
7518
587
4067
9943
6873
4028
5904
3466
2106
5565
9702
6039
842
1537
6862
807
5118
1631
1524
983
9642
3847
9152
9245
1466
3294
8944
4686
3603
6277
8671
9950
6406
8430
5578
6025
2663
9080
5708
7596
5622
6650
6745
4282
4887
5422
4800
8595
3995
6447
7009
7115
7591
1948
9029
6150
1541
5968
3375
4600
2505
1609
4352
8719
4703
9266
9173
9404
1648
8496
5547
2212
4689
2417
6685
4826
7238
8387
3012
5056
9054
8862
1313
3325
6927
8219
7989
2673
422
7410
8288
1951
2498
4521
2565
132
7978
7678
793
9954
9783
9882
3058
1316
8648
541
5433
3145
6953
2210
6185
7294
9669
1791
1844
9953
367
1610
3925
3211
3464
3644
6138
6549
5955
1585
2612
7278
2409
4031
535
9849
7418
8628
8240
3632
1889
4146
3624
1810
8083
20
7997
7440
4727
225
8854
5217
7299
5790
7134
7520
495
5791
2040
4668
5741
6978
8835
1058
2773
2076
3077
2737
9895
9487
9926
9854
6380
2171
5029
3229
7795
9634
1394
8229
1825
4791
571
7866
1262
5306
8165
3888
9879
7398
458
1920
7947
9881
1322
899
8996
7473
7649
9370
4984
4957
2486
2189
9163
1470
8884
2325
1458
5771
6963
6929
2358
7044
7937
5207
5942
2090
7298
627
5970
4772
1580
9958
3200
7210
7334
7848
9863
4302
5881
4368
4974
7402
546
1514
5173
4569
1566
1906
2466
5095
3356
8787
108
6119
739
4203
1116
3889
713
6578
653
5719
1133
4159
2601
6954
1497
7550
501
3574
986
6668
6017
4254
5028
7696
3332
4847
4425
3343
4753
5376
3939
1146
7533
4412
3098
6361
7546
6237
9916
4276
2937
5172
5967
7150
8853
1659
7804
3221
1533
1330
2852
9843
2733
6069
6718
8170
5057
6611
9791
3362
4592
72
149
4922
9769
5472
5479
686
8014
3242
5401
9062
9564
8427
7505
9150
4747
375
7367
8460
3988
9232
7687
2387
5490
7165
186
4347
7892
9803
4886
3850
9123
8780
9014
6462
1236
17
5131
1263
702
8188
295
95
1301
2788
2909
8191
7940
5324
7841
8174
1684
1467
8923
7456
5303
1438
730
2777
1183
1106
8465
6679
7432
7176
2676
1323
4393
3266
9306
6636
801
9686
7980
844
2472
1582
8194
2627
7399
3611
3084
8757
9002
6938
6049
7522
6758
5279
7639
4504
2473
8324
4696
9129
9157
2690
8978
1692
3870
4084
4860
8171
8878
7597
4042
3189
5985
5447
8837
7173
7782
7107
5415
1255
7819
6397
3196
8042
9428
3398
617
3050
1578
5457
7003
9343
2408
7935
6850
9088
7676
5211
279
9536
952
9019
3188
6574
9348
5666
7515
8949
6366
9085
8489
5731
4601
5918
6884
4288
8675
891
5693
8414
3634
4075
1866
6601
1409
514
2545
3868
1788
5837
110
9341
4498
9441
9675
508
2899
8940
5626
6867
498
9284
645
4009
5350
5310
9551
3465
1104
6660
6529
8590
5210
9923
4881
3339
9587
9193
4506
8018
7286
8580
4301
8354
7603
6044
3344
3310
7576
1912
5825
8061
83
6322
9695
8900
918
9995
8662
2355
9932
5018
8635
2180
7368
7828
8182
5150
3955
9377
4389
4252
5543
939
7220
3074
6836
8963
9044
4717
7948
255
2950
2652
8852
7716
9875
4287
8670
5678
5392
8286
2048
2529
3828
2878
5667
3268
3798
4519
1508
8117
5399
9219
523
9509
3996
4675
4568
1564
5924
1234
8076
488
7777
4204
4179
1696
1753
3014
5757
6727
2373
3232
5025
2745
7475
4190
9891
1173
6613
9938
1748
9991
9776
7722
8606
1883
5253
550
9033
7336
3806
4931
380
1793
9864
932
2364
9647
7331
7660
135
7139
3543
9674
6744
958
8448
3498
6845
5487
8498
3460
6930
4780
3367
8560
1913
4827
6413
8887
4249
4329
8744
410
6711
3501
637
8973
6809
3022
680
7553
7770
7809
485
9253
3219
3392
2697
9744
9787
3023
9914
7933
9671
8164
676
6266
2797
1633
6664
1335
9493
3349
1103
379
8335
3097
9422
8369
3350
4078
8493
5096
2464
701
284
7656
4177
2985
3627
8398
5493
5915
1403
8883
6344
6886
7922
6902
784
4043
5866
566
7158
8382
8305
1174
2519
504
936
9723
8610
5256
6451
9151
4166
1961
2202
3289
1253
854
9904
4353
6514
5906
3389
9703
970
7927
4108
4283
9657
8375
5601
9712
8085
2421
7984
5345
1353
8233
5808
738
4758
1683
6617
7187
1214
5750
8856
1281
8962
7306
5644
1675
3152
5865
5186
2739
7168
5939
2624
4764
3168
4621
6345
7667
4167
5269
622
9073
1599
4759
9855
4240
2763
4360
7253
998
6134
8694
5840
3467
3148
417
4268
9254
178
8897
2026
9457
9780
7636
8280
1105
7684
4391
1177
4182
7169
6751
5403
2711
4020
7007
3949
3494
7871
7028
2573
3974
7019
7283
1123
647
2406
7652
6315
4351
3127
6699
2791
555
6442
8647
9918
8060
4299
6946
7540
3718
1110
4226
6174
7713
7939
4154
6485
5780
7135
8005
7788
8417
8347
6633
8518
3840
5062
7208
7417
420
7096
9704
7955
7845
6175
9531
8519
3305
8433
5468
6637
2146
6557
1014
9700
7670
8146
4828
6072
4458
2633
7416
8252
4664
7561
689
1619
5723
3848
5584
9988
1530
5818
1124
9869
6122
621
1989
8681
5983
9267
2726
539
2722
8185
4310
6627
3531
6626
299
8362
9359
4214
7950
4821
642
6739
8629
9690
3043
6593
4914
7333
4533
927
8514
6342
188
1958
7644
6702
3790
4331
6666
2378
9972
2246
5343
5834
4740
7830
1534
4081
2032
3660
6890
3753
5639
8839
3137
4638
1956
4116
5650
5184
8234
9968
5647
4461
4619
2850
2127
7602
548
1555
4279
8767
5396
2365
167
2944
7693
2137
1875
2253
827
7132
1131
1678
7814
457
4915
9692
2291
4895
1872
7659
3928
189
6014
549
84
7772
6105
6148
1206
1984
5809
7414
4163
88
8049
6796
2932
8838
7433
2427
1445
1775
8931
4782
5521
9899
2163
5905
1320
3535
2638
5080
691
9145
8063
9460
5612
1739
9732
1016
4537
6047
4344
4251
976
9501
7189
597
6797
3649
4785
5489
4945
946
2314
8181
8503
687
5436
8842
7476
5535
1574
6199
2843
5168
7062
7532
7077
3446
3775
5680
7015
9812
3588
6341
2300
9739
2952
3335
6258
7391
8993
7582
7258
5308
9439
1831
6173
8317
2259
7457
6844
9922
1918
4321
8054
6515
140
3233
7527
2586
1480
880
4153
3609
8134
6132
9084
8614
6010
1048
7744
5683
7827
989
8353
9510
2672
6405
3436
2655
1890
2897
7186
9384
1924
7113
3047
7342
2459
5879
5354
1022
1119
8836
6365
8510
4776
3013
6376
4702
9319
9976
9906
7569
6166
7256
3842
2528
7446
3430
6869
8459
2539
9737
7349
7903
1413
191
5414
1358
2681
1779
1344
2078
4690
6431
2134
2006
5420
8003
3237
2794
5024
8469
1380
7803
5940
6310
8437
9175
3959
6767
2002
1919
1668
220
150
7601
3906
8172
9796
731
9346
9685
3932
315
8132
8108
8725
4634
7389
2706
847
2313
7634
9051
390
526
1315
5709
1941
3437
944
3837
4721
6548
232
9381
8718
2512
3663
5690
8381
3218
6643
5042
2518
4692
2185
7820
3096
7806
2669
9393
7924
4369
2056
2805
8982
7485
7249
5749
8008
5871
737
6191
1704
2914
4441
3457
6259
3138
7427
5755
3161
9615
5240
8959
1226
8331
7232
5746
7070
641
1089
2371
8351
755
9446
1568
3271
5993
9592
6794
4508
3276
9535
5451
3476
5243
8726
743
9317
3761
8126
7617
4120
7369
3942
6976
7507
2149
3407
2538
8155
1363
5213
2772
1432
8452
7543
336
3908
1586
5979
2790
3700
3431
4490
3480
2120
2751
6642
222
8483
1700
1770
4099
7930
6936
1909
1828
4949
6093
1015
551
7074
3787
9948
8435
9886
3674
2636
2535
6673
7357
8428
8160
4708
1635
6288
6194
5542
5765
5729
4625
8198
1407
2939
6165
5652
5703
5397
4484
8344
1350
9933
3222
9456
7270
349
7551
6935
8084
5798
4694
9454
91
6092
3827
4982
8175
6336
8149
4835
2811
2353
269
6423
6426
3572
3622
1035
4275
6956
2380
5820
4661
8047
205
3659
4223
3589
4879
756
2999
1355
4543
6782
931
3618
6149
5238
3169
1268
6945
6115
3621
2228
8827
4063
1867
9390
3701
224
8902
8603
3478
6997
399
9663
3354
1306
9990
4330
6401
5037
9661
8802
7536
1260
5695
344
4161
1572
6085
3238
8710
8697
5505
8114
9815
35
2390
5102
5368
3892
4897
2527
1565
6942
2710
1925
8965
6896
3156
7025
584
126
8211
445
1714
8405
3914
1826
9606
4722
6563
7477
3980
4194
2678
4354
914
4013
5230
9594
2068
1981
799
4168
345
4305
4103
7269
8217
2172
2892
9581
2450
2717
7657
1138
4942
3175
5426
909
6619
802
3973
4324
2613
7407
6409
2587
5038
4557
3487
3144
1612
3704
7627
4549
8930
6329
6695
6026
1134
5214
7266
5477
4754
4882
8307
7313
2968
8378
1009
8157
9259
5222
3369
1414
8938
8016
6012
2792
7226
4278
9846
3638
8696
787
4221
2570
1593
9235
3388
4362
7191
606
8863
1449
7928
6095
8040
4734
7350
9058
6569
4854
3975
2881
3066
4334
404
1043
5224
5469
9017
2701
470
7611
4605
5823
9131
5424
3010
1723
5706
5347
8004
5221
3432
7394
396
9464
3703
7443
3316
7926
5922
8609
2023
2496
4823
6605
9793
3560
4453
7020
1185
5413
1945
700
5088
505
1887
4211
5785
8713
4481
664
2211
1295
6897
666
3774
4515
8712
8471
3874
3162
3747
2861
4058
1314
7393
1115
6461
3089
9361
9186
1286
8221
9896
361
8124
3717
856
1285
6294
1512
6102
8678
6360
2132
4006
4431
436
5827
3195
4623
9059
2916
7632
6453
7715
3368
4637
4057
8293
6808
9722
8731
7406
8508
3068
794
5807
1289
7319
3687
6615
1892
9643
2696
1038
4817
4451
9347
8010
9241
3040
500
9001
2236
9408
8627
282
9440
9595
6818
8434
4130
9516
4346
6425
5555
4654
9650
8699
3713
6129
6995
8848
1368
5688
9093
4390
7126
3257
6983
3900
3340
1291
6856
1196
3313
2993
9238
3592
6307
3691
992
3348
4908
1337
234
9263
7953
3214
2829
8520
5567
2374
2362
3861
8399
631
4184
6774
5225
8892
9838
9203
5615
5012
4596
2966
6120
5145
256
626
6705
5364
4892
1749
7590
9611
2290
226
8632
6641
1080
7896
5724
9489
711
5608
9313
264
6219
9917
2740
4370
2901
2750
1834
7221
9550
5859
862
9897
908
6130
6729
5109
5999
2567
3956
4729
329
2643
1736
2288
577
7143
1910
6552
6007
2902
2481
7024
4850
4725
6436
2015
4398
3439
7451
8505
5538
7698
6674
1830
1853
7859
7779
1139
1507
1740
3734
1078
2493
2085
1228
1165
3177
9984
9418
193
7316
8747
9660
7745
6661
6854
4511
9061
4591
5342
5756
5369
8604
4001
4501
6073
7919
9798
4010
5066
2222
8361
4919
3571
5740
6229
6707
8274
8550
3978
1821
2082
7252
9373
8567
3372
6623
8128
517
5346
7468
7824
4496
7880
8315
5031
5796
6769
4988
1672
7703
7345
4236
3832
2091
940
7497
3997
6558
307
4473
5318
2599
542
8313
7116
9323
2929
9804
6225
6904
9077
3556
7714
4175
5728
6179
5732
9198
8400
5629
8968
6989
7234
1391
6197
1450
8915
7741
173
3976
758
1399
2292
6812
2080
5988
9677
3667
3163
5800
387
4256
7723
9870
3792
2782
9628
8775
9689
4138
2556
3259
819
6227
104
922
2623
5446
6067
5278
309
1476
5383
2425
8334
3481
3352
7708
7138
9234
8551
8534
5525
8711
8511
2345
2584
5975
6167
7874
6648
5524
2975
50
3048
8937
2418
6655
9786
3099
3423
8666
574
8297
3468
8033
6861
1896
8828
9037
4570
7524
1032
5001
3923
4943
5539
8201
7513
7412
5512
4272
7528
331
6183
2969
2553
5794
2709
519
3461
69
5409
5250
890
5302
8271
3851
8638
9989
9930
2721
7818
4150
5885
3883
5751
3636
8981
4155
8135
2402
2522
8974
2949
9612
166
6369
6581
3213
7907
782
6208
773
5635
881
5887
4796
9511
7057
5373
5174
8203
1861
531
8105
9302
6789
496
9806
7471
6400
6806
8423
8077
9502
4209
4750
9738
5178
6402
8468
3182
1079
6029
9430
2217
2437
1224
8345
3912
4432
7752
3540
3951
8808
48
5691
7137
3459
3007
2702
6224
5768
9887
8424
5982
9443
8559
4778
6543
9101
9471
5271
8502
4357
4986
506
8396
5919
6898
9559
2753
382
3475
9196
6314
3732
8917
7697
5568
1202
7087
3285
2328
7825
581
8857
578
1190
1726
9498
2014
3967
4245
6427
4124
9405
7465
4567
2582
2034
4562
4345
2099
4665
1645
5458
5529
972
8545
2276
3998
8180
370
2812
6941
9814
604
5748
4094
6511
3418
2923
4079
4589
3065
3666
63
9577
4197
3187
2546
5549
9114
3711
8561
4294
5516
7663
7918
3549
8013
7648
4151
8576
9293
6722
582
4745
9435
1331
2275
196
5321
2191
6834
6851
7411
7609
4724
1842
3025
3670
4848
3270
230
9277
6781
9060
4023
6335
9338
5617
2533
1033
3712
652
4902
9243
24
4585
1869
6279
9034
1471
4140
8509
4583
9858
8226
5933
7377
5141
3128
1606
4271
4807
1690
874
4597
2851
162
8680
2226
3338
7297
1778
7718
2235
7492
8607
5603
8637
9290
6522
1203
476
6207
3650
4652
5537
3015
2200
8682
2890
7227
5810
8326
8616
2500
1265
9339
4891
3656
2865
5440
3896
3141
3122
9383
4524
7668
3376
1108
9490
1556
1100
6086
8374
3647
1318
8407
8777
2634
4966
5495
5153
3275
8642
213
1940
9981
6463
4769
4920
8801
7006
1838
7000
979
1529
2036
4927
4405
9295
7305
1525
6535
8817
8167
9004
6524
1179
223
4468
7503
820
6999
5630
7655
9469
3513
1378
2299
3300
2875
455
357
3361
5245
9541
777
180
4723
3890
6349
7631
1664
763
3725
5777
1020
6109
615
3041
151
1085
8027
8121
9368
1259
9239
1523
532
1283
7106
9049
5736
5822
5284
9824
4014
8673
5043
4355
3236
8242
1978
481
6879
3696
5367
5598
2497
3399
1864
974
2489
130
218
4171
1709
5044
5920
8032
2003
5473
116
3204
5082
6982
8470
7265
7300
995
9836
912
468
1685
5204
2619
3654
5781
786
7385
9861
9094
7542
8794
768
7348
715
8045
4328
2581
2642
1878
3492
2830
873
5638
8601
3288
1264
2232
7480
3969
8764
4476
9833
4938
8034
5721
6759
8
511
2336
4123
8026
4143
4532
7276
2688
7217
9395
1900
2197
4991
5533
1646
7110
5619
3201
2277
2395
9043
1915
9680
4738
1006
4291
5282
6532
9528
6068
2800
9130
7900
6575
9357
1099
9672
3427
6502
5352
3064
1061
3962
5581
2783
935
9462
308
280
1558
6091
7246
9200
6959
9325
2341
4799
3333
3125
3548
5646
1790
1833
7861
6021
4624
5121
788
5299
4967
6630
3395
1620
1968
9316
1411
9147
5072
7146
8535
6905
1959
821
1549
2203
5670
1729
8796
5000
4603
5161
907
2536
7694
3708
8166
3209
5078
9874
6190
5870
8411
9597
4561
9934
4615
5011
9448
9354
7197
1496
3921
1613
4837
9574
6487
7860
8020
419
4483
5005
5769
1518
7877
7078
2265
9967
153
6180
1519
825
216
1987
1420
9413
3383
7749
6000
5986
7549
5575
6857
2175
3224
4047
8070
8552
4684
6570
1502
4100
8942
7571
9421
6346
9957
2112
798
2653
7353
4959
8701
9020
1086
6053
9604
9126
2589
994
3820
7013
4812
8809
5338
7420
2572
1661
7352
1944
1517
8409
6561
4416
9024
5607
7149
2917
766
8914
9213
803
8475
9777
6347
2438
2744
9330
1269
2394
9167
3170
2742
4575
4125
2905
5228
1166
2776
6790
7808
416
6441
721
8325
6520
8661
7358
4228
7133
8779
9823
3094
2557
423
3559
4467
2596
2712
5327
446
6209
2384
192
6810
3904
3810
9050
8525
9860
3714
9294
1000
6094
1926
5160
4134
1983
2055
4970
2578
2227
9119
8735
9161
7065
1679
3597
7679
1771
7893
8660
6622
3677
846
9725
5720
5007
599
5634
1865
1472
2955
8684
6312
9400
3758
4788
8755
1062
5878
6440
4916
9416
1218
1764
7962
7592
7758
3254
8385
8189
1223
8078
3287
8663
4868
7614
1994
2475
5518
9949
2911
6670
4145
518
4219
6281
6042
8785
1719
8337
3994
6694
3815
9748
3155
5609
3482
674
2342
3055
5135
3330
4698
5594
6292
2508
1960
433
9721
9342
1453
5337
2622
7060
8621
5995
8212
6412
9883
1934
4616
7702
3867
4680
6486
3342
9297
507
5867
2974
5133
9598
7229
1209
7613
618
3791
9127
8308
9155
6925
9782
1274
6178
6018
7481
484
1733
8598
7810
1087428916.0
