10000
829258 0
119918 0
863539 0
-203096 0
-803840 0
-517409 0
-158075 0
-701 0
-866871 0
-517061 0
591767 0
-113893 0
-963997 0
-801478 0
-534916 0
-800807 0
-325001 0
111173 0
-68862 0
-364195 0
-468996 0
225441 0
-647346 0
-361104 0
709474 0
666581 0
-868594 0
-596620 0
863005 0
-542188 0
232740 0
-762753 0
-336077 0
-971152 0
772560 0
-983594 0
592933 0
676368 0
8995 0
826208 0
-65443 0
466471 0
-590720 0
-454547 0
285863 0
-981851 0
690707 0
-972838 0
-806320 0
234754 0
671625 0
268823 0
340690 0
988421 0
17941 0
-631172 0
-469970 0
592549 0
447343 0
750662 0
-503372 0
90550 0
544255 0
-997555 0
-401479 0
328209 0
-859520 0
32892 0
957345 0
970307 0
987978 0
922564 0
992598 0
556475 0
282554 0
718946 0
-209127 0
226265 0
10302 0
492557 0
-695430 0
-465360 0
914107 0
590122 0
266338 0
918420 0
-274938 0
43749 0
688429 0
429118 0
-550238 0
-693287 0
-582805 0
-908816 0
791287 0
-208079 0
212065 0
-806336 0
-996048 0
-505807 0
43680 0
853143 0
355642 0
557990 0
119455 0
-940249 0
137854 0
-849299 0
118151 0
455079 0
-119046 0
718883 0
-760573 0
989220 0
480496 0
783871 0
-688480 0
-90433 0
571614 0
901555 0
884844 0
750954 0
-621323 0
617601 0
-101592 0
71490 0
-747509 0
985830 0
438453 0
669912 0
-819309 0
-839600 0
-451296 0
386753 0
-262691 0
963042 0
-569901 0
-922341 0
320752 0
284543 0
848637 0
-859864 0
-306247 0
-836117 0
333574 0
340353 0
856857 0
64447 0
-713875 0
990873 0
-897399 0
570874 0
-815903 0
460631 0
-55570 0
153551 0
12323 0
-87667 0
-105301 0
-299219 0
-28230 0
617084 0
782543 0
988252 0
-539768 0
255050 0
338599 0
17643 0
941886 0
-146521 0
-360999 0
-183868 0
318938 0
95654 0
474092 0
980971 0
864742 0
137330 0
-467784 0
142642 0
-352461 0
706394 0
394955 0
-751497 0
-345837 0
-690516 0
222655 0
-179549 0
774513 0
504154 0
682579 0
-877627 0
-784910 0
-293780 0
-282315 0
-999450 0
772520 0
-423841 0
-492422 0
-186487 0
540679 0
804897 0
-984664 0
-840432 0
-117610 0
-399899 0
221217 0
548366 0
-641023 0
975450 0
-799526 0
493672 0
38340 0
970342 0
605737 0
485325 0
473383 0
960575 0
-906645 0
-287476 0
-615359 0
997271 0
-944878 0
592900 0
-69932 0
-377161 0
-310301 0
869112 0
363329 0
-477788 0
841396 0
-242280 0
477321 0
999038 0
147611 0
-485422 0
838548 0
-767637 0
62086 0
96573 0
-879388 0
967917 0
327651 0
-381879 0
-517803 0
-290085 0
400641 0
-223336 0
600542 0
337713 0
972744 0
-381847 0
877111 0
350920 0
-693626 0
203917 0
-261263 0
-696875 0
-909386 0
-305581 0
757944 0
51187 0
-966702 0
-842223 0
537161 0
621949 0
-423724 0
686052 0
592037 0
-643990 0
-238758 0
-263119 0
-596344 0
723592 0
875113 0
342748 0
563260 0
799957 0
206993 0
209482 0
-121752 0
-269618 0
125920 0
-889130 0
639728 0
-993280 0
924668 0
-892722 0
641126 0
-585538 0
-823998 0
838603 0
734871 0
41520 0
458976 0
84631 0
781054 0
882104 0
-626994 0
-29496 0
435474 0
253759 0
-160684 0
423303 0
315553 0
149436 0
161192 0
69354 0
30040 0
79055 0
-382155 0
780343 0
-903185 0
782416 0
623804 0
-325769 0
-888471 0
-243117 0
530294 0
-158640 0
-888672 0
405915 0
-141358 0
-689188 0
288485 0
-164273 0
760960 0
733909 0
205199 0
834683 0
298592 0
797463 0
163489 0
-422660 0
979264 0
-50349 0
-136419 0
336736 0
-480480 0
443541 0
-230457 0
-664627 0
124462 0
-948980 0
-749037 0
-983151 0
711171 0
-719 0
-780585 0
-533005 0
-694496 0
943753 0
963563 0
498845 0
-250255 0
-855524 0
853096 0
456109 0
-632226 0
-29999 0
-873152 0
398553 0
-455580 0
-498158 0
-263916 0
-134104 0
-594735 0
-940785 0
768458 0
-166406 0
-447320 0
338437 0
-94044 0
110862 0
-31051 0
755 0
473700 0
-677937 0
922949 0
496775 0
502417 0
470858 0
-386569 0
890726 0
-65987 0
-624984 0
-925847 0
-530149 0
668606 0
890217 0
-169232 0
539549 0
-480939 0
-432845 0
-766776 0
652398 0
-116307 0
58395 0
831438 0
-418974 0
-963147 0
138648 0
578287 0
-182864 0
275493 0
-930333 0
719898 0
780822 0
-694795 0
-350555 0
192963 0
-716673 0
-497786 0
-636990 0
-838823 0
700795 0
-263168 0
-184798 0
148857 0
389390 0
-124462 0
-30347 0
-31709 0
-549906 0
-118896 0
-823848 0
-211642 0
-745038 0
399640 0
405346 0
-428797 0
594135 0
-577821 0
-755006 0
-313795 0
930309 0
568756 0
544319 0
-665184 0
-303400 0
-755494 0
-982138 0
893568 0
-625615 0
129884 0
-456741 0
-719067 0
-394668 0
-654054 0
493217 0
574667 0
-245706 0
579394 0
973244 0
-804414 0
580719 0
948749 0
555824 0
-739829 0
-301718 0
930652 0
-942354 0
-352262 0
-816822 0
-2468 0
-326602 0
-558893 0
546613 0
-299055 0
-538453 0
413784 0
-213976 0
275295 0
-326278 0
-377999 0
-631877 0
236326 0
327328 0
-270672 0
822818 0
-7948 0
253946 0
-828485 0
261860 0
-259446 0
-942153 0
149112 0
-191902 0
-5791 0
680501 0
-952002 0
100367 0
-476015 0
843584 0
-991564 0
-441835 0
999188 0
-335707 0
-393993 0
-971690 0
279008 0
683030 0
-71820 0
427268 0
107521 0
434315 0
-914109 0
-353891 0
-586588 0
-993850 0
-734940 0
-937793 0
-903948 0
773915 0
-743035 0
43186 0
364072 0
576152 0
226498 0
897483 0
-137188 0
198728 0
687721 0
-59964 0
-399009 0
454322 0
-101750 0
-948029 0
925483 0
-448915 0
-896814 0
579194 0
171814 0
-165688 0
-645375 0
-811890 0
746852 0
-160277 0
-86782 0
-902566 0
502546 0
-580923 0
108888 0
-852610 0
-26313 0
-488604 0
-25955 0
220737 0
-159303 0
399805 0
-629654 0
-509297 0
623152 0
-746822 0
232791 0
-291681 0
530882 0
-453110 0
670543 0
-488451 0
-448196 0
235062 0
-924998 0
111408 0
169746 0
16253 0
193626 0
-287876 0
-422566 0
731329 0
-639113 0
-121082 0
688195 0
542946 0
792498 0
-718623 0
409476 0
516968 0
-76647 0
862970 0
344898 0
-260612 0
747762 0
-751660 0
-589078 0
511880 0
837726 0
592820 0
199110 0
-119318 0
-291541 0
-980506 0
-377483 0
609234 0
340838 0
-893754 0
833600 0
836167 0
828028 0
-144275 0
445578 0
36644 0
-238682 0
450832 0
-737677 0
-94960 0
-252584 0
700649 0
-222046 0
-219513 0
-568282 0
-528238 0
-298231 0
-765472 0
306775 0
333954 0
898700 0
-53448 0
-384607 0
884057 0
604876 0
-895670 0
36036 0
392017 0
192294 0
885984 0
-307186 0
-311343 0
-602246 0
-696868 0
-569549 0
-88107 0
990328 0
-189033 0
-858890 0
-357604 0
574488 0
-180242 0
303003 0
776616 0
-172060 0
-373572 0
214947 0
528737 0
-704653 0
-480568 0
130299 0
-717245 0
-620801 0
789066 0
653650 0
-456561 0
822182 0
-289177 0
662697 0
47896 0
-832121 0
617541 0
-272220 0
-850947 0
907572 0
-26317 0
513878 0
-71867 0
635939 0
-22513 0
925301 0
-542669 0
-624084 0
-201786 0
-467454 0
156748 0
186622 0
612803 0
-409065 0
-199983 0
71532 0
-438715 0
664133 0
-836607 0
-911145 0
-569734 0
33136 0
-124106 0
39591 0
773732 0
446608 0
555202 0
3850 0
-144425 0
609921 0
179868 0
-646257 0
-324956 0
908857 0
331745 0
-62227 0
-885961 0
743212 0
-964880 0
749285 0
720616 0
-252979 0
-661488 0
593559 0
-564429 0
-699281 0
141522 0
656418 0
377322 0
-49158 0
28665 0
-413022 0
165476 0
-673487 0
-653202 0
-973117 0
-487735 0
832304 0
-25957 0
957535 0
-622934 0
-867628 0
-765263 0
-959448 0
-600691 0
-861423 0
29012 0
150776 0
701399 0
851220 0
-844153 0
610650 0
736592 0
149767 0
-987128 0
102910 0
359298 0
-163870 0
182829 0
92202 0
998454 0
918602 0
375850 0
-555160 0
579430 0
80652 0
-407869 0
873569 0
-48340 0
-89492 0
-605950 0
-42333 0
-910931 0
687053 0
-322650 0
-201294 0
-727891 0
-445607 0
259090 0
-330964 0
-673875 0
771069 0
323724 0
872093 0
925758 0
882442 0
28912 0
-603321 0
-87247 0
59813 0
-608298 0
73990 0
768905 0
-883081 0
-119055 0
143797 0
-144868 0
-742004 0
469724 0
625188 0
-403835 0
528059 0
830253 0
-204118 0
-640232 0
-758664 0
-471453 0
426902 0
691612 0
543109 0
29779 0
708805 0
-723832 0
606546 0
-32872 0
155837 0
-560652 0
658432 0
-966524 0
2719 0
807203 0
-567057 0
719162 0
630770 0
-794869 0
-83919 0
578154 0
-100354 0
585737 0
-380210 0
-284663 0
-94972 0
-898713 0
-374143 0
-591458 0
-14320 0
945508 0
627878 0
399912 0
53927 0
56129 0
-736796 0
-711619 0
366251 0
459868 0
-56299 0
965150 0
-927452 0
-982903 0
-437836 0
688556 0
-60605 0
-793410 0
216925 0
-521432 0
701480 0
540567 0
-331783 0
-155926 0
-91763 0
-190844 0
-75598 0
-604366 0
569151 0
-615779 0
237006 0
40970 0
749554 0
718879 0
-915941 0
-786842 0
-402939 0
-475500 0
-359765 0
-460131 0
810888 0
487241 0
-292154 0
107749 0
-793409 0
-860362 0
971518 0
-303367 0
-853059 0
652102 0
-185641 0
-815082 0
-372876 0
744011 0
314003 0
981529 0
578979 0
-159530 0
613038 0
571618 0
734904 0
102581 0
587102 0
826350 0
888457 0
912364 0
654510 0
956325 0
-178178 0
608387 0
-84354 0
795016 0
765120 0
-784691 0
935436 0
-333545 0
406023 0
484863 0
976199 0
773972 0
-402046 0
-491488 0
-702006 0
-672400 0
524271 0
320583 0
-644694 0
795907 0
-140913 0
461914 0
-6387 0
-47898 0
921593 0
-763335 0
-375870 0
331173 0
-367310 0
43705 0
-956607 0
-498567 0
-520138 0
766933 0
461793 0
-691377 0
78891 0
141843 0
219250 0
-212188 0
307369 0
269148 0
-117359 0
825112 0
-251411 0
-307770 0
-820018 0
31933 0
725319 0
-423825 0
676785 0
438635 0
150284 0
-516489 0
-959721 0
-186151 0
-110378 0
896532 0
-534042 0
654008 0
233658 0
887066 0
589907 0
-432036 0
269881 0
-106398 0
-665039 0
596314 0
-293077 0
455956 0
400011 0
-957521 0
268369 0
-773121 0
890492 0
-694275 0
490189 0
-583597 0
236629 0
384563 0
-593623 0
-390423 0
-677940 0
-294154 0
-828282 0
-836298 0
-165955 0
-531522 0
-562404 0
399485 0
-228636 0
855598 0
942296 0
-874069 0
-661306 0
801845 0
-695694 0
355334 0
-586499 0
5648 0
364767 0
-672465 0
950382 0
121443 0
-668403 0
980044 0
573047 0
708073 0
462694 0
288328 0
900940 0
-206399 0
995224 0
99132 0
167701 0
651880 0
80826 0
-352368 0
-179953 0
66396 0
-794668 0
-109 0
845285 0
-357950 0
426913 0
-921718 0
-133430 0
-937741 0
809562 0
-47941 0
-634876 0
-518614 0
974608 0
-928127 0
-235185 0
628668 0
432023 0
723610 0
69267 0
-423773 0
981351 0
200140 0
-27909 0
34313 0
-218057 0
-612249 0
-568826 0
167648 0
21749 0
729852 0
642960 0
-964011 0
-234224 0
-172532 0
651435 0
-892302 0
-352110 0
397542 0
316754 0
308655 0
542011 0
-802642 0
876103 0
-917533 0
616482 0
41129 0
-76287 0
-613244 0
931158 0
-719113 0
105758 0
-715811 0
-955982 0
-275968 0
546922 0
-771334 0
982352 0
590781 0
-164385 0
524563 0
67011 0
-476252 0
834759 0
-677651 0
-329500 0
-373748 0
-717107 0
976723 0
-554992 0
22052 0
-593273 0
938371 0
-67182 0
142418 0
452265 0
398332 0
-159265 0
-904235 0
-248601 0
-399418 0
802882 0
533018 0
844982 0
-213211 0
-810489 0
-477214 0
-436106 0
-961874 0
955358 0
140178 0
-843135 0
265233 0
-15175 0
-372049 0
-299660 0
328528 0
817679 0
-155860 0
141100 0
472019 0
126923 0
-884693 0
771517 0
607951 0
719235 0
425052 0
-320204 0
190147 0
415693 0
-489384 0
-400445 0
634201 0
69480 0
-697762 0
-342654 0
-115088 0
-290543 0
-409711 0
439804 0
-798242 0
-682140 0
-977591 0
178384 0
-43641 0
-709064 0
-677506 0
-300558 0
618329 0
-124900 0
-48070 0
-854024 0
-505653 0
364519 0
-768489 0
-965226 0
341684 0
-139148 0
181632 0
-550313 0
30863 0
-595095 0
-633250 0
533634 0
-379355 0
-71910 0
-7480 0
367472 0
-368001 0
-648749 0
160552 0
-340783 0
-968608 0
-793458 0
866400 0
-896931 0
-264500 0
811059 0
291722 0
375450 0
-896068 0
232112 0
130513 0
268814 0
168096 0
400572 0
-229718 0
-349856 0
862806 0
511818 0
-18951 0
56481 0
-940988 0
-778165 0
-531209 0
-841999 0
649765 0
152726 0
-816776 0
448625 0
773675 0
681337 0
713234 0
373507 0
-167706 0
-635406 0
811441 0
-156875 0
898986 0
-803199 0
-983462 0
419937 0
923955 0
116488 0
925113 0
-390428 0
832617 0
491875 0
445948 0
-457371 0
177970 0
-644072 0
690616 0
463769 0
579872 0
972404 0
-789795 0
858753 0
783440 0
318442 0
-779981 0
-310785 0
-335171 0
438298 0
423933 0
-81801 0
475654 0
-585871 0
536434 0
-400805 0
-217013 0
274064 0
526282 0
-451052 0
593503 0
220184 0
-517 0
850989 0
-93045 0
-664219 0
492194 0
-197324 0
-18801 0
105926 0
988414 0
-264450 0
-645789 0
-837600 0
254408 0
275555 0
-530880 0
-496877 0
-334869 0
126115 0
-788290 0
-508018 0
761204 0
-635844 0
-473731 0
-406401 0
-390662 0
50326 0
488232 0
-775147 0
-219414 0
-423006 0
380618 0
-907796 0
323573 0
16880 0
-240074 0
244658 0
755913 0
-161125 0
-729263 0
-221734 0
470797 0
76165 0
963700 0
147682 0
167993 0
-624409 0
-46098 0
-394393 0
702879 0
-774216 0
-582645 0
538922 0
198310 0
832532 0
104878 0
-229695 0
788212 0
506078 0
-158624 0
86211 0
615760 0
-495585 0
128343 0
-660634 0
-132165 0
-468831 0
922649 0
759341 0
-419598 0
251698 0
870821 0
-686610 0
-163561 0
-495061 0
-516324 0
-543403 0
-136770 0
-2884 0
-16602 0
799500 0
62539 0
25572 0
-936033 0
193249 0
452446 0
769629 0
15635 0
-854975 0
-643876 0
955355 0
-130552 0
603147 0
882107 0
-661054 0
839068 0
490766 0
778011 0
-471015 0
-106410 0
901216 0
-844684 0
589097 0
979270 0
-215739 0
-577660 0
51077 0
86434 0
-583827 0
136331 0
219154 0
-917749 0
-462077 0
-996522 0
-409756 0
400304 0
-485626 0
-187468 0
-285313 0
-57638 0
-175748 0
-336376 0
-742244 0
56790 0
316027 0
-29732 0
-815758 0
-138344 0
-159733 0
-725322 0
-945501 0
213218 0
915727 0
375729 0
-753680 0
-465537 0
-725333 0
321390 0
731061 0
-990220 0
99242 0
298338 0
667781 0
192043 0
589267 0
-719618 0
-787722 0
923935 0
-140845 0
63080 0
550075 0
364110 0
-240673 0
-566092 0
374125 0
-359845 0
622179 0
-216333 0
136834 0
-675514 0
-994098 0
-341758 0
-214406 0
192072 0
-132938 0
-995446 0
52748 0
-7888 0
449065 0
-733853 0
11663 0
-435732 0
386516 0
366305 0
87251 0
228443 0
-972398 0
-602535 0
-22938 0
-885666 0
172447 0
-438096 0
-604476 0
915158 0
548680 0
-909421 0
-507532 0
-765612 0
326453 0
-262766 0
476910 0
750884 0
280880 0
308102 0
652517 0
-908975 0
-357255 0
530365 0
-988738 0
832036 0
-14805 0
-856846 0
444958 0
-445227 0
-818433 0
105462 0
-903220 0
-986185 0
333081 0
258924 0
663420 0
87183 0
318333 0
-919523 0
337430 0
-246600 0
156111 0
649411 0
83939 0
557552 0
-886944 0
-248385 0
90248 0
718711 0
813047 0
-823389 0
-233925 0
-438620 0
746198 0
-898215 0
-178958 0
911496 0
392669 0
-773327 0
398779 0
25131 0
-878718 0
-179337 0
134206 0
101828 0
-410246 0
81942 0
-311609 0
705949 0
30908 0
-27064 0
183847 0
422846 0
124758 0
-276578 0
957340 0
-786830 0
857270 0
647275 0
300569 0
-487416 0
700522 0
382710 0
139249 0
-788051 0
-149863 0
424645 0
-236487 0
-642313 0
-313879 0
-727405 0
-224484 0
-531527 0
-424288 0
599583 0
293421 0
621883 0
5431 0
934694 0
77256 0
322695 0
-233434 0
242872 0
52466 0
319647 0
102013 0
33360 0
-727323 0
504582 0
846655 0
-244251 0
-14448 0
-797724 0
920682 0
347432 0
532108 0
512009 0
-915739 0
-678689 0
182010 0
326089 0
46127 0
847328 0
-245934 0
24961 0
981457 0
842436 0
-328875 0
397438 0
72543 0
740048 0
422191 0
80801 0
956244 0
150239 0
-298861 0
-556504 0
280010 0
882158 0
921439 0
-409347 0
-588374 0
213167 0
391214 0
194476 0
164357 0
65926 0
-959028 0
-982601 0
626035 0
147505 0
437782 0
-93981 0
868461 0
-637325 0
-426084 0
-549209 0
562485 0
185007 0
-483270 0
-975769 0
-97784 0
-803135 0
174253 0
171551 0
-392392 0
557674 0
-147323 0
-375333 0
-998925 0
726869 0
375920 0
649998 0
-598202 0
-535492 0
63756 0
-163326 0
-541524 0
425293 0
559200 0
405433 0
31699 0
-825674 0
-574493 0
-904526 0
463754 0
754627 0
51157 0
-396509 0
-476123 0
29863 0
-529596 0
456789 0
-46655 0
-837859 0
941011 0
250944 0
-633049 0
-55889 0
614621 0
796341 0
492059 0
-877802 0
798492 0
-640529 0
361929 0
967571 0
-915360 0
347882 0
-953402 0
101752 0
-717269 0
-853121 0
925851 0
27859 0
-962331 0
-137643 0
993622 0
-211298 0
-510104 0
-641380 0
249020 0
-407739 0
-847731 0
-677525 0
-942011 0
-653409 0
-849386 0
363794 0
449859 0
642058 0
-44948 0
-767081 0
482505 0
-423187 0
-257340 0
429713 0
-363879 0
-208048 0
747021 0
-541735 0
-978781 0
-686806 0
-64209 0
915060 0
991097 0
475035 0
712567 0
657170 0
549468 0
-646520 0
912267 0
-395106 0
375879 0
800932 0
241554 0
764761 0
421243 0
188303 0
-434608 0
155801 0
313199 0
-624253 0
-715134 0
886695 0
-567824 0
-663692 0
-594723 0
-607020 0
269061 0
-885056 0
-40892 0
237563 0
829736 0
-354182 0
607578 0
45136 0
-437342 0
-945834 0
-888277 0
-497554 0
313965 0
-373954 0
117770 0
944886 0
425147 0
954119 0
480692 0
633419 0
720581 0
-244334 0
-906041 0
-980453 0
-149335 0
-911735 0
-379042 0
176131 0
-911723 0
-251440 0
601341 0
-232178 0
74030 0
649369 0
367399 0
-262314 0
-990543 0
-963506 0
495322 0
8661 0
-528483 0
822342 0
-408882 0
343690 0
-661417 0
-867304 0
-46713 0
541994 0
-186205 0
-696261 0
964904 0
-166116 0
473777 0
-457415 0
-153349 0
-843784 0
-181904 0
242269 0
138393 0
-307428 0
351721 0
-280913 0
-260880 0
902389 0
698267 0
-388958 0
-948136 0
963359 0
345376 0
-545045 0
-645414 0
859927 0
-960350 0
394256 0
911918 0
-252892 0
-373295 0
-466624 0
-631591 0
-56513 0
-765654 0
-154103 0
-443127 0
-533636 0
-112258 0
990656 0
574041 0
927526 0
466624 0
-728127 0
-949106 0
-227371 0
-231410 0
794467 0
-4832 0
-155132 0
641691 0
-63640 0
-855986 0
331869 0
1563 0
464180 0
-847612 0
637444 0
840547 0
15178 0
670991 0
-838555 0
-588623 0
6674 0
-34881 0
-628440 0
776404 0
507159 0
-379179 0
310175 0
-416066 0
-812078 0
205925 0
-908290 0
-515986 0
640451 0
111879 0
-657561 0
-234672 0
-248292 0
-166242 0
65904 0
-539759 0
-517233 0
971731 0
35321 0
-715821 0
-580042 0
69261 0
747539 0
339026 0
482261 0
-790164 0
318653 0
663216 0
615856 0
-327779 0
274347 0
783309 0
399846 0
-868709 0
-75707 0
-466652 0
81655 0
-18612 0
-635489 0
264530 0
-554955 0
-753937 0
-26505 0
-426207 0
383703 0
76874 0
773340 0
-58372 0
117575 0
765517 0
-274465 0
-915450 0
-391961 0
958431 0
-76044 0
-312085 0
239414 0
505150 0
-686482 0
-979436 0
768896 0
-50853 0
778082 0
-832654 0
-644358 0
-634000 0
-747759 0
-264889 0
226944 0
560987 0
141034 0
-274829 0
227319 0
106485 0
-106261 0
-476660 0
761785 0
326174 0
444399 0
-242608 0
45651 0
-748141 0
-323143 0
-513960 0
639819 0
144230 0
-328959 0
-25814 0
993888 0
-458761 0
915660 0
-7620 0
-186537 0
-371820 0
489442 0
-425684 0
-736006 0
-801726 0
-582443 0
87086 0
712384 0
-941242 0
587742 0
-574169 0
-755597 0
960184 0
-97799 0
548582 0
-487062 0
951740 0
-760045 0
748174 0
-124680 0
-628159 0
-645269 0
-12150 0
-868191 0
-812562 0
-957404 0
150013 0
831521 0
78415 0
-668335 0
982159 0
-362973 0
447783 0
15125 0
487392 0
738585 0
53812 0
909151 0
-992314 0
-94166 0
981677 0
-559722 0
-967320 0
-225846 0
-148155 0
-968080 0
364744 0
-606865 0
-285697 0
147739 0
984501 0
995458 0
394329 0
-521129 0
-213009 0
87893 0
-886000 0
-316197 0
-35763 0
-489491 0
882775 0
444443 0
889281 0
-215268 0
209913 0
-689890 0
183756 0
800516 0
-105993 0
-946881 0
993357 0
-152310 0
54844 0
-267780 0
231482 0
412282 0
-996113 0
477410 0
-648588 0
-981172 0
787930 0
167007 0
-907349 0
-320290 0
-432879 0
-397030 0
-997986 0
990634 0
-740927 0
-101799 0
899627 0
489475 0
69207 0
-563383 0
415568 0
513692 0
869646 0
693115 0
-860192 0
445989 0
-329525 0
600183 0
-112517 0
-871758 0
-223715 0
-3422 0
635101 0
-442538 0
193828 0
383863 0
757779 0
-941835 0
-623580 0
-873100 0
-398314 0
727308 0
-323333 0
-672287 0
336179 0
-200071 0
503396 0
255466 0
519307 0
-705522 0
-492608 0
-892580 0
268371 0
-289254 0
-396280 0
-657677 0
103905 0
-167008 0
671334 0
251413 0
-649475 0
-763281 0
-138812 0
547325 0
65528 0
644818 0
930313 0
508766 0
392320 0
71696 0
-901338 0
-200998 0
571468 0
537009 0
-824947 0
-659345 0
994682 0
-685642 0
774617 0
-143220 0
-20479 0
-378650 0
-526241 0
531189 0
841752 0
-950926 0
918206 0
-454513 0
448927 0
137107 0
-863666 0
832334 0
-333978 0
159768 0
298093 0
-118452 0
-786941 0
228328 0
860639 0
-32408 0
94295 0
180672 0
-46536 0
-63990 0
566331 0
154181 0
518922 0
-879173 0
380141 0
138195 0
-522391 0
-337074 0
-631909 0
427153 0
729628 0
894748 0
-946829 0
513201 0
-293758 0
-307414 0
-285822 0
-770434 0
261400 0
474649 0
494996 0
-509445 0
-327695 0
403467 0
-184270 0
-677366 0
146330 0
867395 0
822821 0
283397 0
116202 0
-349898 0
-753151 0
690537 0
-375369 0
-166780 0
287347 0
672352 0
985024 0
554762 0
-343606 0
-882059 0
944764 0
-439570 0
44163 0
-288396 0
-710277 0
-738503 0
417391 0
936383 0
-4125 0
405050 0
542219 0
-198307 0
835420 0
-405944 0
560636 0
370229 0
838751 0
30219 0
330306 0
-670648 0
743248 0
529206 0
-942069 0
722595 0
-433457 0
-289762 0
872059 0
-236966 0
41547 0
-95178 0
-709253 0
-940203 0
512443 0
-436210 0
508951 0
-953601 0
-324705 0
-13089 0
261928 0
806975 0
658603 0
-186632 0
-886897 0
258503 0
-800651 0
384809 0
161326 0
-28826 0
-643357 0
535887 0
-279311 0
-76731 0
-795411 0
987206 0
-409330 0
874213 0
315892 0
-687151 0
-546377 0
-52892 0
-955392 0
868838 0
693078 0
352801 0
929672 0
448029 0
-873069 0
-617773 0
-625684 0
-530294 0
803039 0
-433478 0
505435 0
110956 0
-961424 0
284469 0
-794042 0
438489 0
844184 0
541539 0
-192088 0
-591203 0
323528 0
-33975 0
576540 0
514933 0
789845 0
686446 0
-89416 0
-49026 0
12534 0
-321802 0
157623 0
598708 0
-179597 0
577512 0
817109 0
-251059 0
-714654 0
151980 0
185963 0
155495 0
361250 0
-479053 0
-432788 0
53742 0
38584 0
-236158 0
-259521 0
981920 0
345864 0
-284788 0
-813536 0
691387 0
906027 0
-877877 0
-24804 0
-922368 0
989622 0
352811 0
-834466 0
269034 0
-816679 0
-846311 0
-329074 0
-696928 0
-120629 0
-825415 0
505209 0
-72086 0
-205934 0
303357 0
-18956 0
378962 0
-313409 0
304123 0
-626902 0
594751 0
1392 0
116018 0
542485 0
41208 0
-578134 0
-340032 0
262282 0
674829 0
28552 0
-660319 0
833590 0
-179890 0
83836 0
791574 0
15701 0
822207 0
235565 0
985728 0
-418393 0
643417 0
705519 0
325277 0
-477358 0
959512 0
461845 0
-741025 0
457702 0
-706507 0
-536720 0
-109172 0
-988505 0
685932 0
327880 0
-519836 0
729720 0
-270705 0
222263 0
358982 0
822024 0
975171 0
-552163 0
258147 0
942889 0
-84432 0
799131 0
87867 0
-924875 0
-704385 0
-253047 0
-622169 0
989995 0
-911031 0
689949 0
-229754 0
-250715 0
-99569 0
-437430 0
139744 0
488398 0
-180744 0
614662 0
-683202 0
631336 0
545765 0
217570 0
-829880 0
-598342 0
-726749 0
700324 0
364914 0
714460 0
136976 0
-102983 0
-731319 0
524357 0
906821 0
-589081 0
-168669 0
740626 0
-520756 0
-896601 0
-38032 0
-435078 0
-562324 0
758445 0
-449225 0
-536752 0
-582031 0
464011 0
-66653 0
579457 0
-659914 0
-315678 0
-254351 0
-452450 0
981600 0
200297 0
-596194 0
988050 0
-324483 0
-945018 0
-676458 0
-93446 0
-280445 0
-709316 0
35017 0
-584938 0
-108238 0
-604579 0
490783 0
552425 0
933785 0
143481 0
-466392 0
-115139 0
293429 0
77700 0
-618981 0
60080 0
380569 0
-228863 0
176128 0
-347208 0
953669 0
771791 0
-220916 0
-104114 0
637994 0
590168 0
-43348 0
-637473 0
-372041 0
486918 0
187261 0
-705276 0
-362339 0
-803243 0
20426 0
-54923 0
-110892 0
-818885 0
-986536 0
787562 0
-66032 0
-796331 0
326796 0
248950 0
-94002 0
-759948 0
-100771 0
-700163 0
-40905 0
484117 0
942850 0
-994141 0
118349 0
-934830 0
-296877 0
294876 0
792915 0
391084 0
623518 0
-591408 0
-970045 0
788296 0
624642 0
257656 0
958795 0
-457662 0
940704 0
-399120 0
-393869 0
265536 0
-915050 0
-476256 0
-556140 0
-30331 0
304464 0
291 0
-95816 0
-885052 0
872453 0
685710 0
-769634 0
447496 0
63550 0
-196948 0
-701555 0
-388841 0
600567 0
-41636 0
633663 0
118531 0
-665319 0
371907 0
560347 0
346472 0
-134629 0
-898788 0
-910472 0
464381 0
334490 0
680625 0
-11227 0
715234 0
905150 0
820530 0
-585873 0
808272 0
307345 0
-379644 0
985446 0
-948331 0
224602 0
-976762 0
755628 0
-679257 0
927278 0
975954 0
-610332 0
673667 0
622782 0
510393 0
492309 0
205691 0
998429 0
-999258 0
-18053 0
376293 0
570000 0
87631 0
353903 0
-541568 0
231473 0
-85931 0
971478 0
590786 0
359084 0
357685 0
-356284 0
819707 0
434805 0
75334 0
-568735 0
983997 0
225504 0
-759234 0
374809 0
-545853 0
-226598 0
-314998 0
-231978 0
141665 0
-763444 0
263675 0
725029 0
-664827 0
349957 0
-633076 0
294457 0
505454 0
4937 0
-162855 0
354359 0
986394 0
-378315 0
796735 0
-606484 0
-491320 0
851152 0
367335 0
111450 0
-995603 0
144537 0
688001 0
299018 0
670412 0
-113255 0
-457897 0
-601145 0
-165414 0
-753031 0
771331 0
-83901 0
-43536 0
-64722 0
320599 0
828978 0
341472 0
-771428 0
-90318 0
-833564 0
-435242 0
-686562 0
269846 0
-963296 0
848471 0
710097 0
-353661 0
-636044 0
-10907 0
921693 0
41956 0
-435465 0
17767 0
946622 0
793726 0
-975688 0
-623958 0
-698202 0
-452655 0
102768 0
51840 0
-442825 0
-307299 0
-699485 0
692892 0
447239 0
-162529 0
-987132 0
258284 0
-597523 0
735172 0
742240 0
-692077 0
-811740 0
261899 0
666610 0
160328 0
-554331 0
-361939 0
970524 0
526693 0
-295761 0
-115575 0
-753868 0
362062 0
-898389 0
804737 0
399408 0
919462 0
-941131 0
150228 0
-60598 0
-501252 0
-323805 0
-606745 0
-928765 0
795140 0
29589 0
967707 0
-800952 0
679221 0
906109 0
33735 0
-956110 0
606225 0
-651875 0
561209 0
373720 0
-855930 0
451648 0
448421 0
39484 0
438982 0
117532 0
155585 0
-945279 0
-725547 0
-750313 0
-155728 0
412493 0
347198 0
-387759 0
12401 0
805949 0
-996042 0
-748517 0
856782 0
-7503 0
-401300 0
-97051 0
-705636 0
-453516 0
150728 0
-757864 0
-968501 0
211176 0
468405 0
-983582 0
-802577 0
445006 0
-552003 0
-206506 0
469111 0
-225517 0
335516 0
-150810 0
881855 0
872010 0
-536578 0
-930572 0
405014 0
-198953 0
413332 0
-806125 0
-316685 0
801058 0
680521 0
-23882 0
814655 0
-407261 0
188858 0
123733 0
-772756 0
-422353 0
328936 0
658301 0
345995 0
981974 0
838924 0
-336703 0
-326339 0
368449 0
-166923 0
-722874 0
-913429 0
629360 0
962939 0
309221 0
62074 0
420958 0
790176 0
145696 0
-753899 0
508330 0
911822 0
-41233 0
968396 0
916565 0
890420 0
322018 0
-995834 0
-848229 0
991099 0
-990624 0
972641 0
493782 0
231964 0
-884759 0
-707970 0
202280 0
31140 0
847806 0
450578 0
972115 0
475586 0
-768544 0
987251 0
500223 0
365465 0
-493405 0
-699336 0
717000 0
654501 0
511536 0
-612048 0
-774693 0
359128 0
-682498 0
-33154 0
-699814 0
-399368 0
823399 0
-603366 0
-959081 0
-896748 0
235060 0
-742883 0
-304224 0
-735028 0
-976300 0
-368149 0
173157 0
399352 0
76186 0
-956694 0
969621 0
-332541 0
-565150 0
-940334 0
-695999 0
59222 0
659484 0
-702753 0
790382 0
-735053 0
796693 0
-287038 0
-476398 0
746314 0
641385 0
-961680 0
335296 0
345256 0
-930670 0
602363 0
509052 0
739106 0
-300322 0
-926168 0
-826255 0
-736355 0
920344 0
476922 0
-744705 0
357374 0
-995660 0
-625210 0
-406198 0
-695549 0
-206877 0
334371 0
899640 0
-882854 0
524764 0
68353 0
141187 0
235648 0
-316287 0
524692 0
-290790 0
-958046 0
-212849 0
247754 0
-402413 0
-831247 0
509017 0
-988358 0
366640 0
29942 0
647950 0
705149 0
-302306 0
494220 0
-325717 0
79052 0
451791 0
869769 0
-916978 0
-624837 0
-881148 0
-104237 0
-95464 0
-582040 0
-571622 0
64307 0
200699 0
-340706 0
-191456 0
76593 0
419712 0
-293154 0
-818115 0
679001 0
-519381 0
-942161 0
480916 0
-404144 0
572482 0
-482060 0
-822296 0
-920273 0
767140 0
544846 0
-374898 0
-500795 0
121591 0
570865 0
409040 0
-486430 0
656728 0
159965 0
853964 0
391310 0
940172 0
-304044 0
704811 0
-951245 0
-413734 0
-268875 0
317668 0
-754331 0
398406 0
-301954 0
292879 0
506284 0
450649 0
70906 0
-86700 0
-539956 0
-368604 0
593257 0
-260490 0
178102 0
760772 0
924812 0
603382 0
876803 0
744948 0
939815 0
-485507 0
648380 0
-290296 0
-440842 0
839238 0
582025 0
344192 0
-125341 0
285852 0
-909131 0
-19039 0
-197870 0
-244774 0
-505846 0
979780 0
-900715 0
-857709 0
379299 0
915887 0
-731914 0
980816 0
-220652 0
169907 0
95810 0
607759 0
-896246 0
-278747 0
848205 0
703582 0
16899 0
-382296 0
-394976 0
93164 0
554910 0
33969 0
420713 0
430972 0
868519 0
-617660 0
-471668 0
-271782 0
-659433 0
-913275 0
659542 0
-933790 0
-932602 0
545142 0
942158 0
382352 0
-832865 0
829890 0
-249481 0
-655053 0
-945066 0
463819 0
315945 0
794056 0
-983208 0
409937 0
488545 0
-318332 0
-660610 0
38520 0
-594300 0
249538 0
-325551 0
-594000 0
-165257 0
680458 0
759906 0
874368 0
-607893 0
135763 0
574637 0
-391308 0
-299270 0
-898663 0
-730842 0
-509322 0
-926218 0
449215 0
-257776 0
-220218 0
107229 0
-99498 0
666568 0
257753 0
144090 0
841260 0
-973447 0
391181 0
903532 0
-891582 0
-657522 0
-489308 0
-415271 0
-416105 0
755799 0
-682976 0
-443457 0
918403 0
-527426 0
160672 0
138012 0
-203243 0
572729 0
770336 0
889539 0
-569076 0
-814253 0
-195567 0
-962517 0
127026 0
238493 0
140594 0
-528566 0
754051 0
-842007 0
134058 0
-246137 0
-71880 0
-762880 0
519840 0
334699 0
-718151 0
992436 0
-15104 0
-303773 0
818041 0
906511 0
460883 0
145684 0
-435095 0
140257 0
574901 0
-515747 0
766929 0
-553165 0
482560 0
50485 0
466324 0
-326072 0
660704 0
-280730 0
660463 0
-525248 0
246439 0
-556693 0
-511325 0
-484882 0
-373453 0
-346897 0
-248819 0
66619 0
787932 0
984207 0
-622596 0
-573454 0
-873192 0
934714 0
-956419 0
-94183 0
-105940 0
200912 0
-361015 0
671979 0
-509617 0
91849 0
469968 0
-728014 0
-763309 0
-248060 0
-715854 0
980521 0
-231932 0
-819326 0
-364177 0
698169 0
589350 0
-868890 0
706140 0
24860 0
-823172 0
-228187 0
163361 0
281097 0
-538685 0
-449076 0
541440 0
-421610 0
896329 0
729621 0
387935 0
145712 0
698535 0
72417 0
127100 0
-162464 0
-266467 0
-473404 0
317286 0
594984 0
52252 0
-252435 0
642806 0
99880 0
416488 0
893035 0
-802771 0
-374891 0
-457472 0
-746163 0
-878181 0
502413 0
16272 0
-662820 0
446344 0
496726 0
-787923 0
194756 0
851385 0
673115 0
430046 0
-224352 0
-396490 0
-994063 0
587012 0
24065 0
910464 0
-148073 0
652178 0
138996 0
-277415 0
101180 0
21243 0
900490 0
-516727 0
650129 0
-346090 0
108003 0
-94156 0
-487343 0
804649 0
305628 0
478911 0
930955 0
723583 0
-719095 0
-252703 0
376720 0
633019 0
475535 0
935773 0
388647 0
867546 0
694591 0
588364 0
683937 0
-843777 0
703729 0
-724531 0
50467 0
391402 0
390301 0
895186 0
-972334 0
991811 0
-42573 0
50295 0
-427978 0
-224639 0
-236270 0
-704933 0
-689561 0
641268 0
819858 0
325193 0
524598 0
309163 0
808431 0
-431204 0
783998 0
-385375 0
336624 0
932066 0
591186 0
-819122 0
-221664 0
-430492 0
902902 0
-964845 0
-312666 0
179488 0
-578541 0
808566 0
-816939 0
-117667 0
-861312 0
-539493 0
-548827 0
880528 0
-227726 0
168033 0
-795788 0
599767 0
399905 0
969734 0
-554715 0
-491074 0
-606533 0
-791627 0
112820 0
673104 0
-267394 0
-322073 0
580887 0
-441515 0
415322 0
-57526 0
697126 0
49409 0
504530 0
-140205 0
448177 0
434281 0
-722031 0
4642 0
-345844 0
-844543 0
-899491 0
134298 0
-86626 0
140954 0
912471 0
776808 0
381367 0
123803 0
-65545 0
-100127 0
996000 0
-622822 0
76588 0
684582 0
-585522 0
707455 0
-652326 0
-974046 0
-224488 0
868234 0
649848 0
-810596 0
-879086 0
66463 0
-465844 0
242176 0
-848917 0
696654 0
-741851 0
858639 0
839109 0
921952 0
842734 0
406850 0
120606 0
-483180 0
-323168 0
380316 0
302910 0
-828723 0
484712 0
-917634 0
400338 0
-727975 0
-528200 0
669301 0
-762065 0
187779 0
437048 0
-588088 0
-488364 0
-284193 0
429623 0
61695 0
-569315 0
-489526 0
-110610 0
890575 0
-799140 0
391815 0
-190340 0
-310967 0
-924700 0
524928 0
101704 0
-192774 0
407895 0
-395950 0
994539 0
-902595 0
-403894 0
-982996 0
594072 0
-160883 0
-447869 0
647362 0
994631 0
-470623 0
-20512 0
-186347 0
128409 0
-83695 0
786787 0
319275 0
303177 0
-881430 0
931894 0
493499 0
-826949 0
910120 0
803628 0
-191075 0
-176263 0
-844063 0
777286 0
-330998 0
-519977 0
598514 0
-364869 0
855251 0
159275 0
924401 0
-336085 0
-50503 0
364771 0
559362 0
-838604 0
-407721 0
-760261 0
-308134 0
-827072 0
-528205 0
148508 0
-421238 0
-45212 0
-805854 0
-308652 0
-570259 0
35298 0
-790095 0
343552 0
479680 0
364840 0
-620218 0
699391 0
517865 0
587436 0
98257 0
127086 0
-450233 0
427435 0
24021 0
-926999 0
-960397 0
476288 0
871404 0
998538 0
265130 0
151589 0
-760958 0
-185130 0
-703417 0
694855 0
134285 0
-227928 0
261155 0
-124928 0
942294 0
689033 0
482442 0
238480 0
460526 0
-861871 0
-68718 0
-852052 0
-427821 0
855619 0
321716 0
48404 0
491721 0
765370 0
-256775 0
639674 0
653989 0
329619 0
-304412 0
-318361 0
761919 0
520483 0
94904 0
103926 0
-199163 0
327069 0
479011 0
802671 0
-876535 0
279109 0
-951484 0
-285512 0
-559015 0
113768 0
61722 0
-244048 0
-331013 0
-603774 0
420059 0
705631 0
331657 0
-911391 0
-133103 0
273463 0
899967 0
925259 0
-840283 0
-434473 0
535087 0
425473 0
261225 0
855371 0
857071 0
781362 0
-350487 0
-943981 0
516348 0
809360 0
-211810 0
-142179 0
388213 0
-15578 0
-517569 0
-557837 0
-498816 0
-130720 0
-202723 0
-397590 0
675194 0
-582145 0
971793 0
971967 0
951907 0
15336 0
77083 0
247789 0
-65985 0
575835 0
196093 0
-475988 0
565499 0
-230320 0
955002 0
476927 0
121740 0
-227554 0
449391 0
392959 0
904955 0
-12722 0
-958277 0
216269 0
-846502 0
-593089 0
-46523 0
-915300 0
-947448 0
-560997 0
-761646 0
-106570 0
948626 0
-836107 0
-843468 0
-859988 0
309889 0
961358 0
700248 0
-729029 0
-806060 0
-160462 0
-706336 0
-188833 0
462551 0
987447 0
-16288 0
-890607 0
306456 0
953382 0
-407687 0
746966 0
-72533 0
111158 0
-173893 0
362652 0
-280294 0
551225 0
965128 0
-20083 0
-354047 0
57703 0
-539835 0
-604197 0
826012 0
410772 0
-314528 0
678669 0
-978807 0
859665 0
953058 0
70392 0
603870 0
-489584 0
-85708 0
-30474 0
-108905 0
828813 0
-785888 0
-344995 0
533304 0
317552 0
890205 0
63064 0
-150778 0
536781 0
426021 0
-185005 0
208845 0
-912903 0
345828 0
-336525 0
-415632 0
-756259 0
-583200 0
769119 0
-824261 0
67123 0
579302 0
927353 0
511267 0
-336831 0
36646 0
-818987 0
-205333 0
50861 0
-211765 0
838267 0
587795 0
-527174 0
-1949 0
-124085 0
169256 0
-748948 0
-368479 0
401513 0
394234 0
-225565 0
-750824 0
499166 0
297475 0
-159467 0
473952 0
-573014 0
-674705 0
-743389 0
306222 0
120601 0
-831733 0
193172 0
411404 0
-569153 0
-731621 0
70488 0
131260 0
-588659 0
-331901 0
-796362 0
-56685 0
51032 0
-253549 0
324835 0
798540 0
538853 0
419490 0
602237 0
-888446 0
56534 0
-573449 0
71404 0
244153 0
-514995 0
739648 0
-406022 0
-597352 0
-131978 0
-322583 0
285416 0
582105 0
-491259 0
-299546 0
-328688 0
-234175 0
-115131 0
-546391 0
42728 0
760016 0
944205 0
-940388 0
874662 0
-164065 0
-212566 0
787617 0
-353379 0
488902 0
536030 0
-946576 0
-688968 0
803840 0
723336 0
-965107 0
-685450 0
-251917 0
785352 0
825170 0
-257408 0
594671 0
-829602 0
621517 0
813997 0
-681294 0
-797161 0
-784467 0
24700 0
-645475 0
-130150 0
-140870 0
205772 0
-351534 0
-931922 0
-365094 0
324035 0
2639 0
-706864 0
18688 0
-412088 0
-64353 0
-587559 0
-598197 0
624298 0
-898616 0
-856932 0
237061 0
918055 0
501858 0
966359 0
493293 0
570386 0
740409 0
-132029 0
610432 0
-899979 0
944583 0
-294349 0
465693 0
929830 0
507881 0
-10403 0
835007 0
933136 0
-210637 0
-963554 0
186353 0
-887335 0
436055 0
489893 0
311130 0
580755 0
549427 0
-178227 0
950330 0
-826714 0
631647 0
-936396 0
255120 0
61353 0
-269990 0
-295953 0
820309 0
630998 0
-309701 0
-471151 0
-145319 0
-468130 0
-803787 0
-616897 0
919444 0
-141145 0
738693 0
535509 0
995362 0
429987 0
350603 0
-705340 0
156463 0
504155 0
456471 0
764402 0
-500524 0
-183720 0
-161039 0
627326 0
413258 0
349096 0
946587 0
-897451 0
-326753 0
-629773 0
-271089 0
603644 0
969230 0
117541 0
539594 0
-509956 0
-3774 0
36207 0
158980 0
697283 0
-499990 0
997207 0
-761400 0
-935178 0
-582218 0
-866745 0
428653 0
-833423 0
591886 0
-620008 0
102047 0
-460282 0
647810 0
820841 0
894312 0
201878 0
-133942 0
83155 0
-606532 0
974481 0
207125 0
-504392 0
-12176 0
80334 0
12304 0
-972126 0
-481592 0
13949 0
858172 0
422847 0
761399 0
-98925 0
-76642 0
756256 0
-58299 0
-344904 0
-330193 0
752985 0
712991 0
-45650 0
-168658 0
660943 0
837305 0
-765124 0
-194428 0
-849303 0
123282 0
348024 0
-659690 0
-872797 0
-595811 0
-233751 0
-529455 0
-564567 0
545349 0
329593 0
-631262 0
282644 0
421952 0
-839590 0
492172 0
142975 0
213883 0
-838044 0
159783 0
616444 0
873608 0
559845 0
951820 0
-640774 0
507442 0
673872 0
432184 0
-719857 0
-599231 0
-890198 0
176338 0
-940873 0
889387 0
-239922 0
-194884 0
367684 0
414893 0
-358032 0
-357488 0
889158 0
792012 0
-683556 0
86124 0
-368293 0
-675746 0
-49172 0
111920 0
-783709 0
966877 0
945007 0
350350 0
677458 0
-450499 0
271127 0
545829 0
-543800 0
386681 0
-116520 0
23023 0
605332 0
-38890 0
509371 0
-677095 0
-69402 0
766641 0
538476 0
-485600 0
156333 0
6142 0
502918 0
600416 0
-391934 0
-703518 0
-373837 0
553208 0
59803 0
-299849 0
-3502 0
444987 0
-321504 0
-804661 0
-10309 0
-940347 0
-721028 0
-723641 0
-275616 0
-46554 0
-428423 0
-263409 0
491329 0
-134751 0
-813638 0
933442 0
-485795 0
-878668 0
601484 0
-524209 0
-358909 0
-214918 0
-228416 0
688123 0
395959 0
-806550 0
-444265 0
376838 0
954511 0
-724189 0
-181118 0
-801073 0
-621121 0
797002 0
-916919 0
-21601 0
-157040 0
-592864 0
-557157 0
632731 0
-637140 0
106110 0
687333 0
563776 0
-423154 0
153361 0
-247577 0
-93303 0
5942 0
929240 0
399611 0
847869 0
136282 0
-481303 0
88581 0
-525688 0
925078 0
-118381 0
153395 0
-283459 0
-995293 0
-134993 0
-721885 0
-978160 0
706041 0
-565794 0
-559959 0
880236 0
618084 0
-666212 0
172478 0
-939489 0
514058 0
-833256 0
-638843 0
-682383 0
384500 0
-959623 0
-502051 0
-736307 0
-168532 0
-203142 0
557075 0
-458685 0
-958933 0
-777675 0
34499 0
70463 0
-43577 0
-872575 0
-763953 0
-58515 0
-625346 0
231052 0
935992 0
-162683 0
418854 0
931990 0
216848 0
945113 0
266453 0
-846076 0
-589034 0
17434 0
-928692 0
-236718 0
-420325 0
-881022 0
274311 0
168547 0
331160 0
557866 0
-665512 0
-964988 0
-746183 0
567517 0
-428740 0
-346382 0
448669 0
-340462 0
-122451 0
116284 0
-654207 0
-475668 0
-819515 0
-787803 0
143945 0
443259 0
587391 0
313796 0
-884091 0
345101 0
207048 0
111425 0
747455 0
-611037 0
643222 0
573035 0
383739 0
543273 0
108808 0
-476681 0
-501891 0
700571 0
-539289 0
-320767 0
493255 0
-975348 0
905814 0
-350332 0
-89172 0
-333854 0
-413300 0
243683 0
906975 0
-900372 0
-637312 0
-379830 0
-193150 0
-423184 0
548091 0
-791511 0
112496 0
-961201 0
574493 0
-250798 0
-427657 0
-456613 0
-942263 0
202824 0
37770 0
-587377 0
-849353 0
168087 0
-35305 0
893337 0
371240 0
193421 0
-529011 0
-281440 0
-778951 0
-587688 0
705486 0
-715644 0
-715867 0
-593724 0
-477156 0
-554536 0
-623816 0
410898 0
-381715 0
-134756 0
166959 0
621820 0
-179663 0
239129 0
-448690 0
-631374 0
127615 0
-409656 0
-119532 0
481722 0
240829 0
-151069 0
549985 0
-538229 0
-193650 0
-302568 0
-333278 0
940155 0
-408642 0
-980601 0
51940 0
172976 0
-273006 0
40922 0
-35395 0
216085 0
-934868 0
-297767 0
-551908 0
633485 0
869700 0
586514 0
788033 0
188573 0
-102443 0
947854 0
505465 0
-814733 0
379528 0
-570062 0
-280800 0
400177 0
-926102 0
720375 0
956941 0
-331257 0
-533934 0
-916565 0
709893 0
271378 0
447088 0
-193250 0
307694 0
480353 0
63962 0
-860063 0
335484 0
860617 0
-697410 0
-183320 0
-16147 0
13002 0
39580 0
845757 0
928511 0
-607219 0
209469 0
680557 0
-887354 0
-32028 0
-392139 0
648538 0
414051 0
536111 0
-661697 0
-445736 0
556755 0
-966287 0
-202818 0
576677 0
433497 0
-833967 0
-495200 0
638416 0
852668 0
-890076 0
924375 0
512958 0
-957949 0
776882 0
531857 0
422782 0
-831681 0
-608182 0
-154826 0
595756 0
-361705 0
-857550 0
-743946 0
971629 0
-827898 0
-892240 0
-510866 0
-222950 0
541864 0
-969261 0
-11345 0
-222208 0
518192 0
-810684 0
-778640 0
-689735 0
794390 0
395587 0
-184180 0
-811094 0
288861 0
258653 0
756953 0
-921730 0
727293 0
-501072 0
-624256 0
-890026 0
-806554 0
644490 0
617896 0
574518 0
-928985 0
-274545 0
-299350 0
723208 0
-637421 0
331897 0
139543 0
475742 0
98562 0
-332474 0
-129022 0
449580 0
-206257 0
879098 0
665374 0
66359 0
248435 0
-532636 0
559907 0
936155 0
336138 0
-229994 0
862825 0
268867 0
-661213 0
-488274 0
517899 0
32032 0
-77665 0
712123 0
-745640 0
772834 0
-275105 0
338378 0
581337 0
-919448 0
510206 0
-62282 0
-887356 0
-746195 0
431923 0
793413 0
176473 0
679892 0
36774 0
296602 0
-967148 0
925039 0
575361 0
-953650 0
826813 0
748845 0
248035 0
135681 0
-545527 0
753111 0
-708880 0
-157582 0
740132 0
55155 0
-543495 0
-13742 0
42293 0
-567184 0
473951 0
-269258 0
556150 0
-850806 0
202065 0
-370119 0
386420 0
595492 0
-875956 0
778162 0
522339 0
-990149 0
-257454 0
494213 0
-688397 0
-257338 0
-254636 0
195577 0
-127142 0
876967 0
-357245 0
481785 0
-569532 0
447310 0
-731942 0
553913 0
433381 0
-690310 0
193008 0
-28094 0
-998472 0
-714970 0
-976547 0
343607 0
380283 0
-495895 0
-889695 0
-355027 0
164683 0
-114572 0
-289330 0
-181092 0
-929831 0
978752 0
-776779 0
837169 0
-353240 0
-474800 0
837943 0
420161 0
-50305 0
950103 0
285105 0
27966 0
130046 0
503019 0
419764 0
-143105 0
-696038 0
-96 0
-558810 0
365808 0
486198 0
627200 0
-150976 0
946187 0
-85734 0
832556 0
797468 0
90800 0
-344509 0
-937434 0
776970 0
-594622 0
-470461 0
-861145 0
-747127 0
-306484 0
238818 0
-567042 0
-961746 0
-495348 0
-176124 0
-472411 0
414285 0
557884 0
699925 0
-775113 0
-433069 0
-801220 0
600654 0
-454010 0
-208601 0
-51613 0
21127 0
-332561 0
824264 0
-312187 0
-729162 0
-762241 0
-130028 0
335536 0
-4915 0
-831851 0
-943620 0
774812 0
799146 0
589745 0
-32040 0
413430 0
-680734 0
-66464 0
-960284 0
145693 0
658151 0
589519 0
-669404 0
-372238 0
-513111 0
-982914 0
590606 0
-884784 0
218246 0
204343 0
-719266 0
498275 0
900148 0
-704057 0
394742 0
-795002 0
-521120 0
26638 0
17791 0
621437 0
538075 0
956499 0
163930 0
-709234 0
-794995 0
-604906 0
-97219 0
638490 0
-555093 0
448876 0
234500 0
626190 0
-632403 0
-942013 0
245874 0
113370 0
668486 0
-310461 0
-931495 0
511870 0
-224102 0
-394455 0
724904 0
359052 0
988071 0
-420440 0
583974 0
313063 0
-742684 0
221712 0
-427649 0
-373937 0
855344 0
-218655 0
-913833 0
-181196 0
-668720 0
-582972 0
-644071 0
-687170 0
139701 0
79065 0
-141492 0
371890 0
335817 0
-796534 0
-846817 0
810858 0
15225 0
486493 0
413513 0
877814 0
68271 0
27668 0
541955 0
-243376 0
-186286 0
863546 0
-811667 0
-917616 0
574342 0
-610837 0
765244 0
-656861 0
-833658 0
-137957 0
421727 0
289716 0
-751548 0
-4581 0
-319373 0
-892583 0
-238227 0
857839 0
-970872 0
-388183 0
-906487 0
-961403 0
440715 0
454230 0
158996 0
936184 0
631986 0
-703989 0
-908656 0
630335 0
-599163 0
52434 0
-778816 0
264588 0
448160 0
656035 0
271596 0
-95532 0
103554 0
-642422 0
905674 0
926520 0
-196079 0
182274 0
-778790 0
188468 0
329088 0
-294211 0
877368 0
899689 0
-362713 0
-158168 0
465691 0
226050 0
-89296 0
410745 0
282846 0
-292488 0
-888204 0
-898776 0
8978 0
742466 0
881860 0
371217 0
322564 0
-125337 0
454811 0
-812530 0
-964930 0
-244124 0
-33718 0
195478 0
478541 0
733491 0
712898 0
409402 0
197949 0
987987 0
873464 0
-596829 0
430746 0
161443 0
-20870 0
-605419 0
-271761 0
-722588 0
222942 0
-970894 0
-251814 0
-978015 0
-1442 0
-672312 0
275495 0
645765 0
242572 0
-583255 0
943353 0
95150 0
302073 0
246058 0
-672283 0
996124 0
-733785 0
563472 0
-907711 0
734677 0
-733738 0
576009 0
-598019 0
-216741 0
-331833 0
34504 0
-363055 0
174270 0
-814221 0
13138 0
-323374 0
-940912 0
333144 0
482558 0
424027 0
-624842 0
-365088 0
-509586 0
54208 0
-339418 0
435492 0
30743 0
692034 0
70730 0
792822 0
4362 0
-29481 0
-593762 0
777196 0
-437915 0
855247 0
937033 0
462404 0
575707 0
-613266 0
-139367 0
400922 0
-49125 0
881313 0
-124672 0
399297 0
-531053 0
930714 0
988553 0
442815 0
-41790 0
668636 0
-414094 0
499020 0
704056 0
-45012 0
772351 0
761537 0
-248652 0
-895830 0
979543 0
988391 0
-612035 0
783579 0
-794654 0
-837392 0
-1274 0
-477792 0
-421564 0
711747 0
-690144 0
883736 0
-954063 0
-642614 0
-718972 0
740588 0
347596 0
535138 0
31824 0
727948 0
-752528 0
294801 0
-549288 0
-773679 0
356697 0
-443608 0
294628 0
641620 0
289974 0
-229249 0
-243492 0
-277014 0
118247 0
482182 0
413583 0
566942 0
912453 0
51363 0
665408 0
-787356 0
-794169 0
93381 0
856809 0
-482905 0
-374908 0
493460 0
612778 0
-987437 0
794847 0
-44112 0
937272 0
-308489 0
-863003 0
398069 0
-399816 0
854714 0
-391795 0
-236611 0
-824975 0
-193886 0
689971 0
635568 0
-882542 0
789218 0
185646 0
169957 0
-91657 0
450556 0
275478 0
-418957 0
826896 0
259434 0
200545 0
-935589 0
-23422 0
599705 0
30443 0
-385752 0
365639 0
-716283 0
1612 0
205390 0
-583854 0
-640085 0
483061 0
206303 0
799220 0
263019 0
-816639 0
973103 0
-367189 0
-679153 0
-897907 0
-845161 0
-446007 0
-583962 0
666829 0
49477 0
802916 0
891063 0
921985 0
-758597 0
-753644 0
574101 0
372826 0
-15718 0
392760 0
-228101 0
-153230 0
209518 0
334090 0
-120016 0
-136868 0
612470 0
-599278 0
699041 0
903610 0
122927 0
-416463 0
-3947 0
58464 0
-151511 0
271072 0
-347967 0
-579699 0
420599 0
-383575 0
-148625 0
-508777 0
769666 0
376313 0
436338 0
-25794 0
-955767 0
-750945 0
-651372 0
-536245 0
-191717 0
-337801 0
-40584 0
117662 0
103375 0
792379 0
-559043 0
-720212 0
-436339 0
-441831 0
162909 0
-807780 0
279593 0
-750439 0
-737712 0
852036 0
-380626 0
-171384 0
678156 0
-980783 0
-44023 0
983084 0
234524 0
614328 0
-934228 0
299183 0
-81524 0
341906 0
-678391 0
943830 0
-731542 0
518839 0
534644 0
-988565 0
-863252 0
531609 0
922952 0
-611222 0
-678079 0
769245 0
358958 0
-335717 0
35758 0
153510 0
-814350 0
-410985 0
-665266 0
-91632 0
-771399 0
-49354 0
473796 0
483235 0
854673 0
-354656 0
219291 0
779200 0
-419460 0
-456513 0
207153 0
906182 0
-56149 0
599738 0
-202898 0
22278 0
949272 0
799152 0
438449 0
-113828 0
289991 0
-356163 0
-859271 0
744884 0
229922 0
379164 0
678144 0
622841 0
404787 0
-912576 0
866940 0
431245 0
-854017 0
233545 0
-785106 0
-788529 0
-463159 0
181446 0
-488107 0
318477 0
-713708 0
-224288 0
495945 0
-765034 0
674211 0
625212 0
372214 0
940686 0
797242 0
-419098 0
-518449 0
437797 0
-890766 0
601180 0
-346933 0
197556 0
-342088 0
-430228 0
978719 0
-702059 0
597378 0
952062 0
-857634 0
677143 0
964100 0
-242181 0
-123064 0
492348 0
324781 0
-227224 0
-592368 0
-443802 0
-77078 0
-804377 0
868814 0
-87608 0
-225625 0
521153 0
966455 0
517159 0
215275 0
-448750 0
-577141 0
457178 0
834271 0
546203 0
961452 0
418268 0
-176122 0
91504 0
409349 0
342471 0
-762688 0
-525987 0
-390947 0
458455 0
530043 0
250714 0
-813301 0
169622 0
-712398 0
578223 0
304076 0
185799 0
858965 0
716014 0
-554973 0
-509 0
-732938 0
781948 0
804142 0
-921905 0
-763787 0
-435586 0
352418 0
193356 0
-629063 0
-724335 0
366712 0
570749 0
907385 0
981302 0
-565672 0
986386 0
42303 0
866819 0
661316 0
696235 0
199209 0
798920 0
613715 0
-624129 0
361755 0
36460 0
-76901 0
-160096 0
-266556 0
-361279 0
660252 0
257668 0
189685 0
3428 0
-321531 0
-662316 0
-363678 0
-379152 0
-342906 0
-372459 0
-283499 0
-898392 0
620893 0
-896417 0
-829249 0
853377 0
-768918 0
-752570 0
-780044 0
-187888 0
709991 0
781570 0
-919576 0
-115965 0
-493858 0
65632 0
-1847 0
880802 0
656096 0
701352 0
440597 0
525577 0
-429062 0
-90888 0
-491081 0
-30313 0
203502 0
-791587 0
-277373 0
939458 0
519460 0
-36708 0
870943 0
519712 0
936759 0
738221 0
-733756 0
-712634 0
163647 0
870906 0
263747 0
-807055 0
-581175 0
-511120 0
953723 0
101622 0
-116101 0
-481053 0
-205882 0
-763884 0
903394 0
-74601 0
919534 0
58837 0
-190154 0
-745243 0
919186 0
794701 0
133539 0
530203 0
-404565 0
504953 0
-807404 0
-161 0
438702 0
124734 0
-923970 0
-27150 0
-840266 0
-700403 0
272533 0
-724960 0
-948948 0
33049 0
608745 0
748500 0
603216 0
-548456 0
-890775 0
-556196 0
-324188 0
-512427 0
-974163 0
-272819 0
38566 0
-385357 0
797785 0
-316833 0
634002 0
788551 0
18242 0
-349336 0
567764 0
-618840 0
612468 0
-972677 0
838523 0
786844 0
684272 0
408909 0
193815 0
-132276 0
715766 0
-428681 0
-38999 0
-368798 0
-539522 0
-662879 0
-295569 0
-729926 0
557592 0
-814803 0
-827644 0
105677 0
-241586 0
353320 0
-560165 0
336727 0
597330 0
-928865 0
426398 0
200 0
393354 0
975242 0
812720 0
-840186 0
-196598 0
978071 0
994052 0
-984684 0
13291 0
56733 0
768881 0
-464106 0
-2321 0
540362 0
-647827 0
-50770 0
-90622 0
101107 0
-313245 0
396059 0
-520058 0
-870015 0
186672 0
359154 0
-289611 0
-772903 0
299504 0
649985 0
-517561 0
-779537 0
-630447 0
788987 0
-483373 0
-84693 0
-230533 0
-537245 0
811833 0
21027 0
-650146 0
550765 0
722006 0
740260 0
-112954 0
-674615 0
48366 0
-482707 0
-829809 0
64999 0
-794571 0
21885 0
443351 0
77760 0
-903154 0
-883939 0
-867908 0
955340 0
-240411 0
869010 0
-950421 0
-246046 0
-69106 0
661157 0
181912 0
743082 0
641264 0
808443 0
84868 0
-433234 0
744055 0
357474 0
-520031 0
694411 0
-888853 0
-832330 0
-234859 0
225004 0
942363 0
-647654 0
875038 0
-91132 0
604981 0
288486 0
666575 0
795793 0
784425 0
-489757 0
378460 0
416096 0
251519 0
-579605 0
-784843 0
834552 0
818936 0
673128 0
-626770 0
469328 0
615268 0
978948 0
-753539 0
-510941 0
-527022 0
657765 0
763722 0
147254 0
418506 0
49080 0
167735 0
-314614 0
231774 0
-702730 0
-876615 0
-939377 0
-137297 0
674290 0
844486 0
-137065 0
840862 0
957522 0
-935180 0
-161484 0
111213 0
566084 0
-795462 0
-770778 0
538014 0
-935426 0
625642 0
-305508 0
665765 0
422291 0
603717 0
274737 0
941244 0
200452 0
3961 0
-226682 0
-65884 0
836417 0
718675 0
-65827 0
-24019 0
-395940 0
358148 0
-866617 0
930155 0
916870 0
229266 0
-428929 0
-20153 0
771254 0
338403 0
968501 0
315552 0
-363091 0
-976734 0
245130 0
477560 0
-798743 0
247528 0
39577 0
989881 0
954043 0
-84706 0
541274 0
83463 0
194055 0
-799143 0
521905 0
-250601 0
-98057 0
668420 0
-160128 0
495579 0
377473 0
-188350 0
956719 0
636785 0
-367261 0
-155524 0
-355428 0
562161 0
259352 0
946004 0
-910991 0
485081 0
984098 0
285651 0
983330 0
-593111 0
51950 0
-463594 0
-574122 0
-595967 0
62261 0
347187 0
164705 0
-821322 0
593378 0
-280708 0
-71839 0
771546 0
-558648 0
-846655 0
58778 0
-810088 0
-37863 0
-484350 0
-160055 0
-203101 0
-357038 0
567296 0
663529 0
-384486 0
819710 0
-743859 0
-113052 0
-438330 0
-481685 0
407878 0
202224 0
-726881 0
-549305 0
-944006 0
787673 0
446700 0
-250399 0
-695737 0
-450300 0
-515808 0
-228797 0
-978093 0
759126 0
315256 0
-276413 0
-771033 0
583018 0
333627 0
167864 0
-965817 0
315876 0
-834477 0
874222 0
294562 0
907360 0
468286 0
66092 0
-155056 0
950609 0
-445839 0
-600947 0
660372 0
209739 0
-129892 0
150756 0
-591774 0
-574867 0
437736 0
-338946 0
888814 0
-677630 0
209456 0
-608028 0
178197 0
-40552 0
89852 0
315427 0
-920267 0
-906448 0
90095 0
267526 0
774695 0
-660500 0
-903201 0
-863461 0
553133 0
628750 0
-987953 0
149967 0
-500320 0
-793928 0
571422 0
-105377 0
349597 0
-635351 0
-825500 0
-770400 0
29560 0
795415 0
-877217 0
739220 0
848513 0
665435 0
41583 0
408686 0
720363 0
547706 0
368220 0
-778905 0
353047 0
363400 0
-536538 0
-230513 0
-32654 0
242696 0
-225136 0
899605 0
-632945 0
837952 0
-490418 0
385357 0
784478 0
613779 0
972638 0
209798 0
-61506 0
-426393 0
700427 0
606934 0
-77177 0
916177 0
880858 0
559638 0
974994 0
974513 0
-219003 0
-853043 0
51137 0
-4818 0
901777 0
544303 0
799495 0
394740 0
52325 0
-112968 0
480705 0
-785586 0
-60409 0
68789 0
317090 0
309468 0
-528693 0
-596564 0
118642 0
-380786 0
-418256 0
-985721 0
343129 0
813285 0
-86565 0
-718017 0
-319798 0
761015 0
-345298 0
45046 0
603775 0
-16356 0
482161 0
-65246 0
172684 0
-945926 0
505528 0
-381783 0
41720 0
728606 0
244557 0
-870354 0
-319273 0
-290579 0
-597239 0
956545 0
733839 0
-222919 0
-382017 0
938985 0
421905 0
308567 0
-901574 0
-398034 0
-875673 0
-134692 0
-199408 0
939437 0
-152872 0
214661 0
441286 0
-550055 0
180247 0
468490 0
-384470 0
-737186 0
274486 0
154179 0
-208862 0
323577 0
40101 0
-337316 0
-677897 0
239983 0
-870763 0
431586 0
-611008 0
38644 0
267784 0
-128921 0
59249 0
-505432 0
-730720 0
27330 0
-682795 0
241539 0
-860173 0
-988594 0
197876 0
910237 0
652097 0
813857 0
678487 0
866403 0
-23698 0
509025 0
210989 0
805221 0
-935943 0
727461 0
40141 0
-430640 0
914004 0
-279769 0
-512815 0
-310001 0
930681 0
-152582 0
260568 0
-345979 0
-986439 0
718687 0
503266 0
-256847 0
544596 0
-3229 0
-529656 0
-535810 0
-216627 0
-943633 0
590605 0
-564880 0
429171 0
-216899 0
945058 0
189555 0
816778 0
-462309 0
-981073 0
-765970 0
27087 0
683450 0
403912 0
176073 0
-518124 0
590774 0
122859 0
613899 0
-909371 0
-509639 0
-119670 0
6461 0
-838302 0
299346 0
525049 0
-119939 0
-709074 0
-968217 0
-177028 0
-918786 0
765561 0
293712 0
-616562 0
206541 0
824559 0
-998250 0
577475 0
-747925 0
502993 0
-674857 0
-765676 0
-912052 0
440081 0
435105 0
-564154 0
-94903 0
-605639 0
970780 0
556377 0
664728 0
-828875 0
763082 0
761324 0
712444 0
37640 0
967044 0
-404832 0
86905 0
728685 0
844989 0
247103 0
-611305 0
-255510 0
995751 0
765637 0
146149 0
-688280 0
-51102 0
537592 0
-950652 0
120607 0
-642151 0
-194628 0
-43961 0
376112 0
-519248 0
629478 0
369066 0
-7802 0
133819 0
278783 0
794051 0
-192621 0
-804379 0
-299669 0
562535 0
971597 0
808297 0
759857 0
720099 0
-842072 0
-83406 0
-984404 0
-588952 0
-567523 0
-498496 0
428248 0
-75018 0
891664 0
334307 0
-328902 0
555724 0
156969 0
88114 0
-756559 0
-425823 0
-601881 0
-23962 0
191580 0
729511 0
601498 0
978229 0
948635 0
-343251 0
781985 0
222607 0
868273 0
22253 0
235618 0
205356 0
868658 0
-90505 0
556618 0
115731 0
-459982 0
804284 0
-803819 0
951253 0
824890 0
-120143 0
-262467 0
276614 0
-631430 0
-833707 0
-1989 0
-47595 0
-637224 0
-245616 0
402402 0
687128 0
100735 0
-716896 0
540406 0
-445827 0
489049 0
412423 0
917174 0
329713 0
-268657 0
-53050 0
629964 0
801409 0
-43284 0
-835850 0
524002 0
-177723 0
664926 0
361224 0
-966083 0
-135204 0
152166 0
705157 0
-86294 0
-141902 0
-73403 0
-21301 0
-318044 0
750186 0
-707969 0
514438 0
207782 0
870945 0
-6499 0
-350781 0
514031 0
-28223 0
937232 0
161693 0
326814 0
-292380 0
153696 0
685594 0
-150711 0
173036 0
351635 0
-568079 0
869586 0
-977146 0
936015 0
513310 0
-793036 0
778766 0
-762167 0
352091 0
686550 0
714441 0
-719592 0
390951 0
-16886 0
898979 0
201655 0
-540323 0
-178449 0
-571154 0
-32909 0
-202669 0
542010 0
57690 0
236078 0
854655 0
227270 0
-953322 0
418791 0
-359203 0
-654548 0
896353 0
-559706 0
-501330 0
463196 0
-467601 0
103261 0
-851088 0
414441 0
565472 0
756750 0
-364113 0
739900 0
59558 0
748780 0
-576776 0
535251 0
-225968 0
-517939 0
-355568 0
256523 0
661986 0
269875 0
-537308 0
-593507 0
-40311 0
-640234 0
485821 0
300300 0
-674595 0
202411 0
-780134 0
336843 0
644683 0
-809127 0
-427370 0
-436041 0
-980383 0
83576 0
-472724 0
363168 0
-853152 0
-600288 0
-788046 0
-669722 0
-888473 0
-616792 0
-680150 0
34688 0
-136162 0
649461 0
77556 0
470190 0
-602583 0
-59498 0
60838 0
-89191 0
-770854 0
673053 0
19083 0
-923426 0
-629136 0
-273182 0
-751182 0
-829430 0
-855861 0
589304 0
-233914 0
997919 0
-298605 0
61180 0
-830140 0
-930347 0
-60583 0
-113963 0
-860326 0
788874 0
605157 0
54496 0
-696066 0
55293 0
217841 0
174982 0
-624600 0
168421 0
123875 0
-264181 0
-857175 0
773280 0
884602 0
-909536 0
535233 0
-391879 0
-961441 0
376664 0
-712852 0
-188724 0
-876788 0
-901716 0
488135 0
-229385 0
-368563 0
754554 0
-479921 0
545262 0
-192205 0
-313320 0
39552 0
600451 0
-133461 0
425830 0
-443468 0
933169 0
-640672 0
40736 0
-586297 0
-285439 0
5990 0
-690117 0
605388 0
425754 0
-336412 0
-774876 0
818272 0
91348 0
65865 0
488037 0
-93030 0
-43613 0
627215 0
-408658 0
-653817 0
-742996 0
-971922 0
101564 0
568888 0
-825967 0
-95387 0
501730 0
-407519 0
-439960 0
111494 0
352190 0
59261 0
703647 0
-587104 0
564820 0
-616891 0
-24159 0
679709 0
-732025 0
995791 0
-20051 0
-447518 0
444707 0
586658 0
-693836 0
619534 0
70916 0
651563 0
634855 0
48048 0
529281 0
-38052 0
224391 0
396722 0
814308 0
622423 0
-514494 0
966012 0
-754755 0
-885080 0
-23894 0
325565 0
-197008 0
439059 0
69081 0
583447 0
306208 0
-802023 0
417983 0
733018 0
-492435 0
833467 0
741934 0
-882472 0
110771 0
-306964 0
554673 0
-345767 0
-64023 0
-397457 0
647998 0
822126 0
-953948 0
-758581 0
815545 0
126296 0
-432024 0
269338 0
-54670 0
-216223 0
464900 0
706688 0
-126195 0
852840 0
149035 0
478021 0
393018 0
947676 0
691815 0
-945201 0
-344522 0
-679048 0
915653 0
371077 0
188083 0
-331909 0
-603492 0
579176 0
292158 0
305627 0
828954 0
144835 0
-237127 0
414622 0
323150 0
-166753 0
-141688 0
214599 0
188923 0
-86825 0
963683 0
581628 0
393952 0
-200340 0
923928 0
728077 0
558711 0
-331462 0
-943742 0
-592595 0
-632830 0
-755837 0
517701 0
341567 0
-821703 0
-45903 0
-659838 0
848318 0
-688228 0
-716093 0
-267964 0
715193 0
-14373 0
548747 0
-348335 0
-383307 0
276724 0
-987602 0
92974 0
48313 0
725253 0
-156697 0
-415179 0
228612 0
661929 0
-751964 0
173541 0
-697447 0
-930102 0
-779062 0
-240376 0
-913604 0
-164411 0
-804351 0
295041 0
-258176 0
552487 0
-416121 0
180900 0
116342 0
560106 0
770641 0
721843 0
11212 0
-29609 0
737597 0
-156768 0
482744 0
-298917 0
513618 0
-297647 0
744619 0
388388 0
922405 0
-678957 0
647826 0
-189273 0
18633 0
-631473 0
951053 0
722069 0
409767 0
-409978 0
-687363 0
-371337 0
937881 0
-89489 0
-593163 0
304795 0
346462 0
448567 0
-391065 0
746406 0
689328 0
32424 0
587758 0
920986 0
364118 0
-527843 0
-545639 0
-103189 0
-459279 0
338199 0
823289 0
92523 0
-147064 0
461199 0
-609001 0
-82913 0
974553 0
-650944 0
-951209 0
-628004 0
679694 0
626670 0
641085 0
-182407 0
-274648 0
-957920 0
-601133 0
-393781 0
-338373 0
-561261 0
-874346 0
-575710 0
-255339 0
-794558 0
933968 0
547936 0
-287809 0
-221433 0
264401 0
633536 0
-900887 0
-883082 0
160646 0
262788 0
243279 0
568670 0
-114089 0
336638 0
-51278 0
404646 0
703007 0
-203094 0
900074 0
-516844 0
255399 0
516861 0
241986 0
981115 0
-670205 0
592394 0
527286 0
-810266 0
109978 0
85575 0
357247 0
-327106 0
281331 0
-492831 0
349517 0
-493482 0
-931979 0
673809 0
92264 0
-374345 0
-301062 0
224713 0
45387 0
332173 0
-380366 0
628499 0
63554 0
-677670 0
995835 0
-93620 0
873592 0
-686104 0
892653 0
609825 0
878488 0
63790 0
-743614 0
357007 0
-777706 0
795425 0
-498880 0
-658214 0
-137775 0
536726 0
483110 0
421523 0
-307899 0
329678 0
30209 0
474147 0
640113 0
-704034 0
957911 0
-353385 0
-295674 0
808949 0
261349 0
-607105 0
-568605 0
-497682 0
-190868 0
-515350 0
110433 0
-340622 0
506113 0
827226 0
-850668 0
847495 0
-678217 0
466332 0
977962 0
880887 0
9443 0
-749637 0
-417803 0
-220171 0
-262260 0
419161 0
235529 0
-62622 0
-779562 0
437380 0
-749758 0
765547 0
863218 0
-99731 0
425996 0
-658078 0
645873 0
672986 0
413170 0
-53235 0
-933754 0
-454507 0
402058 0
980929 0
-311281 0
315415 0
542050 0
992849 0
151873 0
-333258 0
932631 0
-993080 0
-599352 0
-949058 0
233489 0
-280597 0
593065 0
-579709 0
-10288 0
958785 0
-604557 0
670538 0
919919 0
-23985 0
-750645 0
-520712 0
-671504 0
-579891 0
223631 0
-316640 0
-16995 0
133590 0
814209 0
-186025 0
862197 0
-218261 0
-49018 0
428537 0
76858 0
861101 0
151303 0
-878453 0
-601588 0
882888 0
211147 0
999415 0
326715 0
775946 0
997452 0
819356 0
-338477 0
164858 0
166333 0
270849 0
-560996 0
-679234 0
831916 0
-403723 0
372188 0
979505 0
383070 0
400851 0
797316 0
-186736 0
-132857 0
-327976 0
-931035 0
-519764 0
54329 0
469058 0
-503476 0
321680 0
820229 0
-775346 0
-721770 0
-954965 0
-275177 0
-144151 0
-746833 0
350453 0
64760 0
879822 0
-725604 0
-765883 0
-916052 0
859426 0
31650 0
-123040 0
560997 0
-776867 0
-425460 0
828201 0
838502 0
-915459 0
-588563 0
908821 0
544810 0
718630 0
-965646 0
127763 0
531557 0
-345993 0
-912654 0
871764 0
-536049 0
63752 0
155411 0
-106131 0
492526 0
-4438 0
-965725 0
804556 0
-932142 0
-442931 0
-185381 0
-823030 0
244203 0
660242 0
-735799 0
77183 0
-49590 0
-782713 0
445111 0
-429214 0
22149 0
267709 0
896336 0
-606731 0
-277832 0
-456748 0
973054 0
-680080 0
-393283 0
-597935 0
-492775 0
879491 0
-868712 0
-250317 0
820490 0
-150785 0
301096 0
825599 0
-296546 0
477710 0
-791409 0
460554 0
77507 0
801562 0
-290322 0
-666402 0
-490181 0
610044 0
252362 0
-192 0
-635058 0
232461 0
660788 0
234621 0
-339410 0
-502140 0
798452 0
500293 0
-218323 0
-192169 0
-151923 0
94014 0
395771 0
673164 0
696837 0
-399597 0
382208 0
-475403 0
582706 0
129676 0
-371604 0
-321776 0
757284 0
-959158 0
-125580 0
664972 0
-197962 0
-996865 0
176247 0
770308 0
668382 0
565972 0
35615 0
118049 0
-381003 0
127557 0
-876828 0
640312 0
-367732 0
-930826 0
-131456 0
-515473 0
456133 0
-375223 0
289555 0
-63711 0
147364 0
-727271 0
292196 0
-427951 0
-374631 0
-424153 0
-823543 0
-561898 0
-405651 0
-129109 0
-190397 0
510264 0
41544 0
-852198 0
-583253 0
-591824 0
575413 0
779921 0
-991718 0
726300 0
317096 0
-960992 0
-165618 0
-498307 0
805239 0
-552984 0
-811075 0
270597 0
907692 0
794441 0
347524 0
775052 0
-229558 0
344741 0
467796 0
-68017 0
844995 0
-497042 0
217347 0
806404 0
55021 0
-641658 0
526818 0
-457298 0
875658 0
-705548 0
250758 0
-605606 0
-857430 0
582473 0
526622 0
229844 0
296375 0
-733328 0
-424843 0
335533 0
363045 0
-512248 0
548050 0
610916 0
-228468 0
-209942 0
-813330 0
-440946 0
424448 0
-730064 0
-596050 0
-324859 0
-681159 0
155864 0
-403657 0
-379302 0
139156 0
-186846 0
470523 0
878138 0
870840 0
-19918 0
-886790 0
-214528 0
-401291 0
-607655 0
-348686 0
418760 0
-559691 0
80384 0
679455 0
339491 0
953827 0
819274 0
178241 0
281682 0
-344426 0
23479 0
974255 0
411150 0
-873339 0
-489878 0
-677233 0
867305 0
-485674 0
-870796 0
695700 0
-413752 0
343041 0
-808260 0
486337 0
-679794 0
-159222 0
916953 0
690335 0
357019 0
-673166 0
981437 0
435009 0
-599934 0
-57634 0
-853216 0
165170 0
537148 0
-298393 0
-726548 0
-964544 0
-410047 0
980686 0
657010 0
-249442 0
-318443 0
659890 0
-42127 0
-31841 0
-369463 0
-160492 0
30786 0
817618 0
639039 0
579848 0
-699291 0
314534 0
846662 0
69880 0
-57417 0
692110 0
365528 0
410046 0
-281164 0
995383 0
-520627 0
321270 0
320195 0
578455 0
-138267 0
963350 0
826232 0
428771 0
693004 0
-611537 0
552272 0
-148187 0
-768649 0
711041 0
-725669 0
-774223 0
-708596 0
-600910 0
-208799 0
-403065 0
-140409 0
-264766 0
-578787 0
-263415 0
-966124 0
-854045 0
983834 0
-250157 0
-309295 0
202425 0
970547 0
666891 0
420755 0
19060 0
-387650 0
223731 0
501585 0
895241 0
686265 0
-409344 0
-126178 0
303218 0
-449211 0
-751343 0
530548 0
520897 0
-700784 0
-293783 0
-93612 0
815929 0
787672 0
819664 0
-639757 0
-944759 0
450072 0
139991 0
-194898 0
890616 0
367800 0
-934369 0
-408478 0
-726597 0
-690361 0
-240722 0
862002 0
-703302 0
599165 0
-41878 0
127090 0
-428947 0
937269 0
431111 0
-307891 0
-178197 0
635784 0
369531 0
559068 0
632615 0
-720901 0
-311818 0
734633 0
-211133 0
19489 0
264632 0
-601737 0
-286163 0
309354 0
-450908 0
790237 0
990786 0
225502 0
-690723 0
-233179 0
79030 0
270462 0
778371 0
625789 0
791088 0
180308 0
-604726 0
202968 0
-330538 0
-25727 0
823094 0
865067 0
-714836 0
-737548 0
285940 0
-432416 0
-230471 0
390527 0
190525 0
204838 0
516746 0
-312698 0
-713840 0
81039 0
366984 0
-595165 0
475319 0
-345655 0
-542580 0
-927506 0
374366 0
894838 0
-533275 0
182628 0
284062 0
988389 0
946433 0
-607829 0
709141 0
444152 0
-534855 0
-159018 0
564375 0
515581 0
529706 0
-992825 0
386463 0
-476542 0
-529005 0
398665 0
-643451 0
-475015 0
162350 0
-707203 0
783956 0
357311 0
-618495 0
-354351 0
629176 0
-364862 0
626368 0
-46222 0
-111425 0
587743 0
548766 0
815490 0
-167143 0
-663864 0
-534641 0
314535 0
690816 0
98140 0
653807 0
-363601 0
-651689 0
-165928 0
-574938 0
-420385 0
346078 0
943451 0
289296 0
714980 0
-559333 0
6051 0
-195878 0
768059 0
-732986 0
-440887 0
149680 0
-501275 0
-161906 0
-656662 0
392884 0
155056 0
-328581 0
688009 0
482603 0
813882 0
-662163 0
899179 0
688465 0
340180 0
-326404 0
895377 0
646334 0
-504830 0
-917433 0
-69794 0
-877925 0
376670 0
-462076 0
334409 0
-701682 0
163467 0
280218 0
700168 0
767972 0
935903 0
489323 0
202048 0
-664832 0
-615149 0
-612836 0
160946 0
-503023 0
628403 0
-484392 0
-579902 0
712668 0
-157654 0
368034 0
-914585 0
629658 0
-241607 0
851492 0
-708002 0
-818195 0
-76859 0
-776968 0
-310285 0
-298376 0
243617 0
-907033 0
129715 0
-854723 0
-55470 0
-111417 0
419529 0
-590350 0
-543234 0
274344 0
619207 0
-340968 0
594668 0
-369673 0
-310997 0
-297886 0
343930 0
-974125 0
466318 0
42014 0
190269 0
-836355 0
-678853 0
935625 0
-490955 0
-306241 0
664378 0
152877 0
-806975 0
770950 0
661551 0
-647747 0
-14113 0
212021 0
-118775 0
74035 0
-319260 0
972912 0
473010 0
-890694 0
981692 0
759594 0
-924246 0
269466 0
-203662 0
-553600 0
-70173 0
241927 0
366834 0
798271 0
469224 0
412586 0
905891 0
922825 0
-733704 0
917806 0
827529 0
919242 0
-522373 0
-921611 0
839048 0
-501971 0
-662634 0
-96911 0
-677700 0
989721 0
973571 0
-860051 0
-755538 0
746786 0
443239 0
541572 0
-899345 0
89215 0
-98477 0
-558147 0
-346844 0
555999 0
469080 0
852905 0
920243 0
-551399 0
-184109 0
-827770 0
-636873 0
-619916 0
504593 0
-601080 0
-214948 0
580036 0
6104 0
-837988 0
121927 0
-398120 0
-125640 0
-430966 0
463616 0
870651 0
-110993 0
-842134 0
-327486 0
-80091 0
-241585 0
535596 0
660223 0
787806 0
-162885 0
91662 0
-728030 0
-509186 0
-523093 0
-827780 0
-25186 0
-100302 0
825802 0
11606 0
908242 0
-806896 0
-828914 0
947996 0
-199046 0
846265 0
-139748 0
804949 0
290236 0
-724015 0
47864 0
-849431 0
51511 0
210308 0
-444504 0
802569 0
197160 0
-740190 0
-196481 0
594044 0
-745242 0
120213 0
-662391 0
-300578 0
-198268 0
-147493 0
445778 0
526283 0
81298 0
527039 0
188794 0
711393 0
974335 0
203335 0
532726 0
-504112 0
964679 0
848148 0
-801476 0
-254646 0
-295127 0
219392 0
7973 0
495692 0
615795 0
-280115 0
-260568 0
393811 0
135361 0
660210 0
956707 0
-936083 0
515653 0
825446 0
372854 0
58294 0
984772 0
47599 0
-509779 0
-480780 0
945384 0
-610381 0
399032 0
705835 0
-160833 0
281972 0
-850847 0
76092 0
-434374 0
912255 0
209057 0
200250 0
138816 0
-997075 0
122942 0
14834 0
282308 0
-180400 0
181538 0
-761989 0
451495 0
-24397 0
-562274 0
-19063 0
625657 0
-10345 0
-640842 0
-137868 0
-436681 0
900554 0
-806090 0
505661 0
-537484 0
352281 0
-331874 0
444963 0
137016 0
132968 0
-405656 0
271366 0
255922 0
-640729 0
-453011 0
-648286 0
-712400 0
455260 0
-154191 0
321857 0
419401 0
-959557 0
125956 0
-270993 0
-44354 0
163050 0
455268 0
214589 0
-844313 0
-753437 0
-669507 0
546354 0
117872 0
-329302 0
974531 0
-666821 0
-315960 0
-986547 0
-102724 0
-375300 0
-886634 0
-403705 0
818523 0
225587 0
95155 0
-501347 0
-828356 0
-522156 0
-765621 0
-131746 0
258333 0
627333 0
816673 0
-197584 0
-379631 0
-445524 0
-887336 0
-779427 0
205366 0
-811565 0
-854049 0
-502818 0
12652 0
-43296 0
649871 0
37920 0
-716288 0
-339304 0
45317 0
-463212 0
-777980 0
551746 0
-197753 0
-765101 0
-63970 0
-418297 0
-805146 0
75241 0
995881 0
559918 0
-19839 0
-347095 0
702063 0
520422 0
-548246 0
-419954 0
-721672 0
-86164 0
-624891 0
90006 0
-493031 0
-680017 0
-819952 0
286232 0
685058 0
924560 0
23227 0
-383917 0
375858 0
50983 0
-883303 0
-31849 0
607922 0
63658 0
804037 0
153310 0
-211369 0
228866 0
657042 0
-345051 0
816113 0
-890279 0
-543505 0
804412 0
-326154 0
841438 0
-360394 0
453165 0
997214 0
506292 0
236551 0
23909 0
-59115 0
-855778 0
886887 0
186606 0
808056 0
-900273 0
205184 0
-383459 0
800754 0
462715 0
-919504 0
596132 0
-639100 0
441338 0
-743970 0
845301 0
864753 0
405633 0
190547 0
468377 0
897689 0
-808806 0
-533028 0
-502525 0
198035 0
375888 0
-141496 0
-308919 0
947377 0
-906446 0
-873583 0
-836734 0
-844511 0
-955444 0
970963 0
961204 0
-351544 0
-626946 0
-683156 0
938339 0
284243 0
-278065 0
-542138 0
25704 0
759776 0
-640844 0
-625224 0
228183 0
544261 0
-820941 0
-656625 0
-699841 0
-148045 0
-97037 0
-525859 0
710902 0
-605008 0
-567121 0
124681 0
504267 0
694577 0
721721 0
122801 0
452167 0
708207 0
667375 0
557669 0
619819 0
-99078 0
-106641 0
-306071 0
-381619 0
-849026 0
-500481 0
834321 0
-655686 0
-534522 0
-83615 0
-121572 0
-792639 0
601521 0
851386 0
-636527 0
-50793 0
-185081 0
602926 0
-205918 0
366692 0
-472 0
612842 0
-645348 0
977041 0
100971 0
781821 0
-893650 0
324977 0
-193390 0
767497 0
-18720 0
93808 0
659957 0
-322664 0
819921 0
370677 0
-398954 0
-942595 0
965375 0
-906849 0
-222952 0
983351 0
409247 0
-707573 0
-554637 0
-406874 0
762915 0
-981495 0
-415495 0
-521177 0
-365632 0
-975544 0
497199 0
874816 0
-184818 0
441553 0
137731 0
560788 0
127331 0
-138872 0
455321 0
-897530 0
-456588 0
889923 0
885850 0
588446 0
219570 0
-291640 0
-672503 0
-875559 0
-94128 0
-460229 0
159411 0
-815501 0
-90674 0
-169697 0
-406425 0
746149 0
192252 0
187788 0
-785319 0
-164562 0
319024 0
-756652 0
-195630 0
-949114 0
654258 0
683920 0
-18750 0
834581 0
811648 0
607272 0
879156 0
503472 0
849161 0
-626048 0
492372 0
530102 0
915334 0
560042 0
815220 0
-283307 0
201160 0
945968 0
491379 0
-210779 0
-95129 0
-379005 0
-579057 0
-861325 0
12906 0
-349771 0
709882 0
257660 0
167614 0
-369362 0
-384057 0
-532858 0
-224878 0
-660687 0
144697 0
-61756 0
-225242 0
-141639 0
-265524 0
-540136 0
745542 0
-815 0
787173 0
465895 0
-779094 0
26634 0
925125 0
-305428 0
-177935 0
897490 0
-789934 0
140852 0
-47518 0
-190431 0
-77877 0
432407 0
-497426 0
-542171 0
-843927 0
-843369 0
-187101 0
518886 0
267180 0
-784327 0
612224 0
211145 0
807444 0
118921 0
-882319 0
-278889 0
-807921 0
-97773 0
-570662 0
314948 0
-24291 0
917601 0
698717 0
481942 0
502136 0
-784332 0
273338 0
258984 0
-100062 0
-585694 0
-610828 0
-952138 0
891162 0
680084 0
-634419 0
-645447 0
939236 0
29778 0
154408 0
-474678 0
-932234 0
-117333 0
-641783 0
-949540 0
-668097 0
240774 0
-769459 0
948354 0
-675272 0
-766370 0
-46478 0
-130815 0
-977716 0
164207 0
67791 0
275187 0
685523 0
-864190 0
-715880 0
330178 0
841587 0
-591395 0
703264 0
-192055 0
853015 0
400811 0
355451 0
27847 0
-905716 0
256801 0
-783593 0
687020 0
-288826 0
-272916 0
-366709 0
826033 0
202077 0
-318614 0
-26037 0
851054 0
113294 0
-552057 0
-12245 0
845563 0
349758 0
-825263 0
-202065 0
-955318 0
829332 0
-232117 0
-326332 0
-202974 0
-554256 0
589620 0
299558 0
285463 0
-94841 0
-804748 0
270298 0
-66819 0
-767449 0
973142 0
879219 0
476665 0
593421 0
713616 0
-950040 0
855000 0
-317804 0
-258 0
-230325 0
-575961 0
133576 0
-477345 0
662116 0
273303 0
512371 0
-536967 0
-794670 0
62492 0
-818459 0
887302 0
-705587 0
-920602 0
304829 0
969246 0
176295 0
787887 0
-955169 0
-330924 0
-988344 0
-625743 0
-829627 0
75878 0
892248 0
-94959 0
718348 0
272811 0
559420 0
864424 0
-922828 0
-200041 0
92241 0
527217 0
-838732 0
664756 0
-38843 0
141268 0
515427 0
435587 0
-570206 0
919757 0
317796 0
-864155 0
783255 0
-588837 0
-365352 0
-492518 0
828233 0
-891401 0
773290 0
977070 0
787619 0
-11643 0
-171569 0
860738 0
-18031 0
673674 0
1346 0
611629 0
879083 0
275696 0
-649013 0
627156 0
53569 0
116838 0
-187478 0
423295 0
462948 0
-464425 0
698761 0
-616950 0
108285 0
914450 0
58803 0
498962 0
632520 0
-422595 0
796470 0
-469809 0
-206229 0
-121035 0
-876701 0
208059 0
345215 0
-828002 0
-769130 0
-477612 0
817080 0
-601189 0
606822 0
-212113 0
800066 0
-963363 0
-150937 0
-177799 0
783568 0
488525 0
273168 0
-829069 0
-786158 0
-54668 0
222957 0
-840187 0
-339080 0
-21329 0
-651662 0
23462 0
367898 0
-894710 0
-554516 0
-409143 0
53252 0
662407 0
-896203 0
263550 0
-294341 0
-15591 0
754666 0
-838848 0
331245 0
754496 0
-164368 0
616354 0
77205 0
353601 0
416266 0
459243 0
-366756 0
-280078 0
-82948 0
-780065 0
486767 0
-603901 0
-130443 0
862698 0
908323 0
-295325 0
853025 0
-81003 0
448961 0
-517166 0
-743201 0
-253448 0
-426811 0
-347084 0
125767 0
-20010 0
-188677 0
545312 0
964057 0
135573 0
695774 0
-634233 0
64818 0
374026 0
663607 0
663462 0
478286 0
692326 0
-770106 0
508825 0
-772790 0
-685396 0
439936 0
-192389 0
-964702 0
312342 0
498075 0
198531 0
392346 0
-71540 0
639217 0
-937653 0
919642 0
477079 0
-92800 0
658794 0
-417969 0
374260 0
-805389 0
-471832 0
779016 0
-750631 0
-470107 0
511185 0
921221 0
-338082 0
227765 0
-79503 0
207347 0
991672 0
702119 0
855517 0
8947 0
-222005 0
659529 0
310958 0
-476895 0
-571878 0
-802954 0
894591 0
797063 0
980396 0
140570 0
-756874 0
-867740 0
-263212 0
343922 0
681315 0
778768 0
-772030 0
-479822 0
690130 0
682819 0
-345912 0
192538 0
-914739 0
518927 0
-67380 0
267014 0
-818402 0
423639 0
728691 0
-358164 0
-212028 0
-449836 0
644681 0
925097 0
-601496 0
-667412 0
620730 0
293156 0
-654016 0
-594013 0
-92809 0
-684339 0
-106539 0
-616834 0
-85760 0
462923 0
-36032 0
-329790 0
743522 0
-733282 0
-46509 0
980785 0
180598 0
661847 0
-471647 0
191373 0
-833927 0
-742955 0
-46046 0
-241923 0
965675 0
-124739 0
-124286 0
-156771 0
-641366 0
784091 0
792147 0
568366 0
-675995 0
456925 0
-986561 0
-123422 0
659508 0
-767437 0
-88419 0
408616 0
496892 0
373196 0
361366 0
-279507 0
464035 0
-221491 0
-649482 0
-286218 0
150679 0
934706 0
469422 0
-239943 0
-310332 0
872181 0
390667 0
-974096 0
522250 0
377259 0
-111891 0
730954 0
-938558 0
-311861 0
258325 0
34336 0
207034 0
744743 0
-28269 0
-220122 0
937043 0
-883631 0
-493793 0
-687944 0
697900 0
-275188 0
539293 0
-908965 0
-151906 0
789568 0
539867 0
942732 0
-520417 0
981086 0
-367188 0
-715154 0
908067 0
-385458 0
-529065 0
428059 0
653771 0
505978 0
-996643 0
-832847 0
120625 0
828319 0
-813570 0
-753182 0
625960 0
-453712 0
-275270 0
-923796 0
328747 0
772369 0
884515 0
-710398 0
849960 0
12215 0
792300 0
98599 0
424214 0
285196 0
-625042 0
-314834 0
-41134 0
58040 0
460772 0
-632411 0
-923116 0
-840674 0
901288 0
762159 0
-293092 0
-109370 0
139373 0
-830684 0
-180325 0
303131 0
739930 0
205096 0
83637 0
704633 0
-584952 0
-71678 0
-439354 0
245730 0
-410725 0
-617542 0
45118 0
-976055 0
638524 0
-565405 0
270079 0
555996 0
-402313 0
400909 0
506048 0
426412 0
-227082 0
87371 0
827553 0
599792 0
328949 0
660969 0
545746 0
303265 0
75070 0
-401266 0
91006 0
-979646 0
-814490 0
-677970 0
374998 0
642039 0
164191 0
-988140 0
-277100 0
489373 0
53958 0
745495 0
-48815 0
467908 0
650847 0
118315 0
452270 0
458373 0
141136 0
-10376 0
815156 0
610759 0
-430959 0
-29591 0
177621 0
662463 0
456245 0
454119 0
-475419 0
59869 0
417375 0
576588 0
-106993 0
-719896 0
433992 0
-26141 0
977039 0
-547689 0
-997628 0
168594 0
-268905 0
174836 0
537554 0
-863940 0
-305817 0
-810360 0
-389787 0
-849278 0
716238 0
465595 0
677347 0
-613416 0
-261975 0
187773 0
28343 0
-65143 0
379058 0
-10570 0
647276 0
555232 0
-893457 0
-29714 0
-366005 0
474780 0
-119286 0
-622066 0
-579514 0
-719825 0
552053 0
-635424 0
-641420 0
-527793 0
291875 0
-471260 0
-274058 0
441798 0
-169494 0
615670 0
218075 0
866471 0
-215139 0
360461 0
-645333 0
392604 0
-19047 0
-40224 0
-828699 0
-53887 0
-405601 0
909386 0
-906499 0
669202 0
-647620 0
368429 0
-476159 0
-28240 0
547216 0
343160 0
137081 0
653186 0
-279706 0
328166 0
-368960 0
880046 0
705817 0
114188 0
964723 0
531046 0
-272122 0
-174100 0
-519255 0
339315 0
-722713 0
-705620 0
574052 0
966348 0
-684651 0
-503000 0
49166 0
-125768 0
-49592 0
-14663 0
-202846 0
235814 0
-491401 0
-247189 0
758290 0
534819 0
-490996 0
-840729 0
519192 0
346165 0
173956 0
86185 0
-356808 0
607691 0
164591 0
342581 0
313708 0
-116267 0
13210 0
-940876 0
-227577 0
-205283 0
-461120 0
-390803 0
-71815 0
141094 0
-914627 0
-230227 0
-659966 0
845351 0
-89199 0
766732 0
598282 0
-39747 0
-570797 0
461588 0
231015 0
-948737 0
663835 0
119177 0
908056 0
-660631 0
332447 0
839579 0
-566118 0
-29355 0
46895 0
288165 0
-60244 0
136815 0
-462054 0
-77221 0
-36760 0
-995661 0
-772121 0
548230 0
-75577 0
96557 0
-843778 0
-225054 0
-269253 0
-449437 0
496992 0
528897 0
-345441 0
880634 0
-897341 0
-238887 0
874995 0
-533580 0
921566 0
-280168 0
-60791 0
616733 0
-248765 0
624798 0
587365 0
-2290 0
-941319 0
406362 0
-769527 0
-414755 0
-213502 0
-287159 0
-839083 0
-859817 0
-95257 0
-814571 0
2993 0
374777 0
350014 0
-365492 0
16468 0
256674 0
-213006 0
176071 0
-873783 0
201142 0
-803009 0
-324077 0
667686 0
77813 0
-952889 0
196138 0
-973660 0
125841 0
-212683 0
-709568 0
320126 0
806772 0
-89271 0
-487932 0
-351256 0
131807 0
-79002 0
129230 0
-752583 0
-100522 0
721598 0
426081 0
210469 0
-183763 0
-222121 0
-748444 0
772479 0
267144 0
-565065 0
320746 0
-412774 0
241235 0
-470745 0
-512722 0
561888 0
-594767 0
339563 0
548421 0
-937923 0
-662728 0
-460927 0
-28277 0
83530 0
493747 0
-38492 0
-725319 0
253637 0
-487364 0
-582191 0
281203 0
751108 0
-902661 0
806847 0
-184766 0
-603223 0
-576805 0
-764759 0
-851403 0
889483 0
259810 0
-415535 0
-227045 0
-624749 0
975608 0
-376866 0
487402 0
912840 0
275390 0
262407 0
-266536 0
760408 0
409403 0
663305 0
307324 0
27821 0
818184 0
579608 0
333845 0
-279872 0
-629912 0
549278 0
893483 0
-654944 0
-546638 0
558420 0
516820 0
-242637 0
-27122 0
226941 0
-990390 0
848817 0
-752150 0
-856667 0
432951 0
263849 0
-451681 0
-98990 0
-247741 0
-382153 0
422016 0
-637429 0
-52195 0
-581762 0
690584 0
-403284 0
-648598 0
669561 0
-794108 0
-594699 0
375541 0
202342 0
931989 0
575813 0
195138 0
528874 0
-957063 0
-551460 0
-65413 0
421136 0
983697 0
437613 0
283959 0
85558 0
-981991 0
-784484 0
-121785 0
-932575 0
175909 0
-678531 0
195438 0
762200 0
708432 0
518105 0
-64108 0
632742 0
-238806 0
306192 0
971134 0
151281 0
-716779 0
-479021 0
-517200 0
30011 0
841932 0
-835437 0
576790 0
30324 0
-20661 0
957619 0
854016 0
876917 0
-232766 0
-485447 0
-402123 0
775638 0
-731073 0
-362884 0
-346423 0
1532 0
317917 0
859941 0
63045 0
525804 0
599737 0
-109291 0
-190335 0
128942 0
-987218 0
-985368 0
691365 0
812712 0
-998015 0
509582 0
-126991 0
16610 0
141762 0
53561 0
-762119 0
348062 0
246969 0
-122641 0
416671 0
435292 0
408695 0
71832 0
629859 0
734552 0
-391964 0
178715 0
-171878 0
141588 0
649830 0
258208 0
-848781 0
-131717 0
-133195 0
-133890 0
-308827 0
-14032 0
399254 0
-395340 0
358597 0
-991524 0
-713322 0
444047 0
425567 0
-656679 0
249284 0
630123 0
175743 0
-758346 0
762775 0
-337552 0
-390433 0
-889541 0
712203 0
-527292 0
-715578 0
938609 0
488199 0
-111483 0
5243 0
110219 0
384918 0
572256 0
211268 0
-213473 0
617903 0
854853 0
-853923 0
881176 0
367764 0
-837782 0
-589062 0
-432784 0
-392990 0
197415 0
-479003 0
682817 0
233744 0
-842463 0
685910 0
-978052 0
814578 0
231469 0
166673 0
-365788 0
894442 0
138371 0
82677 0
-777658 0
464982 0
123750 0
-817637 0
-163813 0
-902556 0
997088 0
-65506 0
423847 0
-516021 0
901585 0
-869174 0
540762 0
-69651 0
-779098 0
-764730 0
911331 0
876187 0
-846657 0
-907493 0
-87992 0
639037 0
-986203 0
-655582 0
-853194 0
-194011 0
378535 0
443226 0
498295 0
127165 0
88104 0
-955566 0
571639 0
792701 0
887048 0
-633240 0
-47324 0
-753726 0
753577 0
587696 0
-53009 0
-802071 0
-176946 0
247665 0
-72055 0
-423029 0
704610 0
-867595 0
319037 0
-196649 0
-414188 0
768012 0
932435 0
324468 0
-631558 0
768055 0
521269 0
864284 0
839511 0
-221892 0
-815872 0
130786 0
926901 0
57416 0
-903725 0
278961 0
-64754 0
871586 0
627284 0
384312 0
984735 0
-614692 0
-144804 0
277435 0
-669426 0
282507 0
468764 0
-578418 0
881983 0
-840916 0
919487 0
74413 0
-541468 0
-938083 0
-696213 0
346673 0
-657854 0
-719671 0
637459 0
696120 0
-41434 0
235006 0
819871 0
-623234 0
249133 0
-234187 0
-312628 0
860220 0
807556 0
-937842 0
889350 0
-398283 0
273398 0
137217 0
781506 0
116990 0
-793536 0
807221 0
921756 0
-854440 0
-616177 0
-487708 0
-63827 0
26538 0
-955204 0
-530956 0
751178 0
184378 0
-966864 0
34319 0
37685 0
328187 0
541869 0
-307062 0
842419 0
-194165 0
191970 0
796218 0
433250 0
-400850 0
779102 0
233757 0
-697359 0
632516 0
582101 0
288208 0
584713 0
-944587 0
-351006 0
584901 0
856636 0
379863 0
517833 0
691137 0
212512 0
-435632 0
25221 0
-248813 0
805685 0
-756456 0
633216 0
-591646 0
240710 0
-326894 0
-503744 0
-164711 0
-280951 0
-802692 0
-300606 0
353709 0
952078 0
751529 0
563764 0
286950 0
643526 0
-608243 0
-254549 0
932258 0
-675701 0
252406 0
-445921 0
-985109 0
-529601 0
207434 0
212637 0
-610097 0
672160 0
-651551 0
-597546 0
782789 0
506315 0
861588 0
-164167 0
117699 0
807851 0
-852070 0
-878534 0
983929 0
340850 0
-94632 0
667571 0
265204 0
-120990 0
-447365 0
876634 0
559044 0
91427 0
-100251 0
-420419 0
33156 0
-277335 0
-467106 0
-997769 0
-878675 0
-542429 0
224797 0
-298908 0
181676 0
-675964 0
414085 0
-343888 0
84391 0
-482551 0
-918001 0
940005 0
674077 0
395410 0
-629859 0
294371 0
732797 0
-570459 0
-918258 0
739450 0
-912733 0
-592967 0
-114122 0
-855872 0
840266 0
-487481 0
74133 0
667465 0
-668408 0
-387671 0
-545771 0
201299 0
-688439 0
-697287 0
444955 0
400036 0
-452864 0
-572639 0
-101675 0
-556049 0
-909816 0
-276967 0
-268602 0
-680821 0
385114 0
986707 0
-751044 0
465478 0
-837191 0
48450 0
-672185 0
-29691 0
928123 0
429394 0
-630440 0
-529385 0
-358922 0
-722645 0
-671689 0
348790 0
444248 0
764959 0
-980334 0
-492359 0
-242648 0
699037 0
-826365 0
370808 0
-64558 0
687622 0
-467812 0
-669674 0
322388 0
-438546 0
-684846 0
515754 0
-633795 0
254371 0
860714 0
634823 0
427958 0
721480 0
154551 0
-237198 0
-780713 0
-535981 0
-736435 0
-909991 0
905871 0
-685454 0
-850451 0
764191 0
942036 0
202845 0
482465 0
-864930 0
628612 0
388698 0
-436587 0
-529576 0
947123 0
-901454 0
739486 0
331795 0
89186 0
-881442 0
-755013 0
655246 0
-528281 0
258926 0
497937 0
43669 0
744699 0
807109 0
-360245 0
526372 0
651787 0
-98119 0
735496 0
127696 0
-736541 0
794730 0
-602232 0
-383323 0
288435 0
-75189 0
-229238 0
-707467 0
-899801 0
-474218 0
-405894 0
138959 0
-145470 0
146024 0
-788122 0
706618 0
23147 0
842053 0
617434 0
166343 0
773008 0
-890878 0
-737466 0
-819453 0
-158612 0
776428 0
-13242 0
-292550 0
-729496 0
-569627 0
-620316 0
628176 0
779934 0
-527248 0
275406 0
555620 0
5677 0
-861152 0
187233 0
828866 0
-452415 0
144281 0
406921 0
-388580 0
709798 0
-20719 0
-816434 0
938474 0
-617026 0
369411 0
480487 0
454324 0
7649 0
-769891 0
-123257 0
666465 0
705110 0
-58166 0
472704 0
612852 0
696231 0
717679 0
-245986 0
177451 0
882227 0
905069 0
529038 0
-720237 0
-140785 0
-553141 0
-993603 0
442568 0
698009 0
333076 0
347218 0
36727 0
619103 0
704773 0
632793 0
871007 0
-400036 0
896326 0
-322871 0
-783344 0
108277 0
173590 0
419554 0
82524 0
-497439 0
995077 0
-555287 0
630727 0
-451412 0
-377472 0
255849 0
746124 0
587745 0
-271618 0
673897 0
-555173 0
811550 0
459982 0
978927 0
759268 0
-100210 0
-691893 0
-78297 0
-98620 0
-805257 0
575547 0
-126230 0
223280 0
-845205 0
189083 0
-814878 0
664473 0
-291609 0
-643919 0
-866392 0
562373 0
-226520 0
755290 0
781753 0
540533 0
-331557 0
519219 0
851025 0
-41989 0
161451 0
-599334 0
-996317 0
-346671 0
-855703 0
-382555 0
-679464 0
468543 0
-602678 0
-93137 0
-246284 0
-739798 0
335619 0
-743926 0
615834 0
965648 0
-13302 0
-734643 0
457411 0
-498008 0
785669 0
326637 0
995649 0
-814794 0
921350 0
517565 0
388955 0
256869 0
-586052 0
-14700 0
470998 0
-376546 0
85991 0
-486020 0
561664 0
225867 0
870071 0
-961934 0
424584 0
-418888 0
-520290 0
-756811 0
-757345 0
560882 0
316256 0
-949945 0
-404084 0
-624469 0
-807269 0
809785 0
48496 0
853994 0
-230793 0
-987614 0
432475 0
236960 0
76388 0
695776 0
587167 0
479244 0
565349 0
-653697 0
346962 0
891044 0
-335056 0
942995 0
-905862 0
550732 0
568915 0
643616 0
-680863 0
254440 0
-241415 0
-793051 0
596472 0
784587 0
-609684 0
-960177 0
-28940 0
522647 0
289756 0
-38911 0
124924 0
-14738 0
357184 0
585430 0
-189869 0
723272 0
-687902 0
395115 0
345663 0
-21843 0
107501 0
-191138 0
-673122 0
-39864 0
-957576 0
-822341 0
52284 0
362188 0
144950 0
155695 0
-733809 0
-213582 0
-868480 0
-837408 0
222633 0
-620677 0
-476414 0
-487712 0
-173374 0
-206967 0
-426495 0
699212 0
-988516 0
212091 0
870108 0
-407693 0
131203 0
-636880 0
-461048 0
-445338 0
-988007 0
-43458 0
-560993 0
-226717 0
578017 0
-761168 0
-396771 0
757330 0
-711243 0
134114 0
-702329 0
852338 0
743598 0
-959234 0
-76998 0
942895 0
312276 0
-625824 0
800976 0
394504 0
-768388 0
-35811 0
244900 0
-546861 0
879330 0
179334 0
924512 0
-113566 0
-896815 0
779430 0
339190 0
-808839 0
-612466 0
-448770 0
-765559 0
995405 0
-841214 0
-912791 0
-342992 0
244123 0
-18816 0
449116 0
-386750 0
460290 0
-530050 0
-905770 0
-5082 0
-844951 0
-566661 0
-406283 0
-116296 0
826991 0
385482 0
84074 0
-460668 0
-692595 0
-743467 0
712053 0
-468376 0
-185103 0
-954340 0
-258525 0
688713 0
-953201 0
849854 0
270889 0
-450943 0
409840 0
-727866 0
553157 0
-239478 0
666398 0
744269 0
-630066 0
-60264 0
-94077 0
486283 0
-646949 0
-433793 0
-63902 0
-888613 0
-872168 0
104591 0
654570 0
-367875 0
-295521 0
502367 0
917202 0
-281349 0
826295 0
189653 0
-64972 0
224234 0
-726563 0
529732 0
208960 0
735238 0
-461284 0
-948522 0
286871 0
217087 0
40121 0
406210 0
684572 0
880937 0
-987631 0
217831 0
177010 0
-852437 0
-498226 0
589331 0
-585751 0
776674 0
-562587 0
-392710 0
122749 0
-630150 0
525297 0
-221650 0
-747982 0
-695169 0
648795 0
-687440 0
-741012 0
-116881 0
68695 0
-389007 0
-428058 0
-925792 0
525139 0
607476 0
-740451 0
758349 0
755051 0
457487 0
471499 0
138365 0
-232153 0
-383482 0
340152 0
-331473 0
373649 0
-291226 0
-692421 0
-73476 0
393601 0
-873596 0
29603 0
814419 0
304951 0
269060 0
-547256 0
-221217 0
292129 0
-610346 0
786494 0
-599464 0
187260 0
-377448 0
124533 0
550704 0
41274 0
-369405 0
-411680 0
-994610 0
474964 0
-804765 0
-354252 0
-291914 0
-489681 0
-408945 0
506790 0
-68378 0
560953 0
-620913 0
-232709 0
-130970 0
-623960 0
312001 0
497102 0
-67742 0
-790818 0
-764366 0
448558 0
-145007 0
-346145 0
-331869 0
-487258 0
-885769 0
-46383 0
243980 0
384768 0
-714482 0
-850932 0
-157769 0
-148970 0
203015 0
51986 0
-534058 0
-604997 0
-513430 0
622938 0
251529 0
211793 0
-752446 0
-843546 0
601269 0
-491151 0
239135 0
169791 0
-600014 0
-169130 0
677604 0
138035 0
29816 0
379204 0
428477 0
203244 0
-333217 0
-165273 0
-737921 0
-113713 0
-389137 0
-273880 0
889100 0
-93942 0
181493 0
980904 0
-154842 0
757656 0
-444445 0
439269 0
-408466 0
-206616 0
387333 0
9532 0
797731 0
-416873 0
548976 0
843049 0
739630 0
961028 0
723184 0
-498404 0
685536 0
593628 0
120294 0
-826049 0
-120752 0
-927198 0
185817 0
525294 0
-830564 0
-291127 0
874050 0
-247937 0
651981 0
-951122 0
894593 0
-536391 0
488231 0
857659 0
271715 0
834906 0
950416 0
-5719 0
235590 0
-583716 0
815291 0
587115 0
391764 0
558980 0
-232951 0
-302037 0
-937502 0
953312 0
842993 0
952730 0
103625 0
667142 0
639812 0
276237 0
-648827 0
-281854 0
-334341 0
-177284 0
-395303 0
272379 0
765306 0
-543141 0
-289385 0
-832807 0
290716 0
775579 0
505636 0
-405101 0
229748 0
835774 0
-108890 0
632108 0
512454 0
922698 0
-171254 0
155731 0
340992 0
524007 0
515820 0
-21700 0
842883 0
914624 0
-266049 0
34275 0
550620 0
349078 0
599537 0
606469 0
83149 0
372098 0
697720 0
106619 0
-420821 0
-991612 0
-13704 0
160469 0
394789 0
158187 0
-97528 0
-380002 0
-907804 0
-949691 0
203630 0
141070 0
685202 0
-740399 0
605645 0
-850489 0
300148 0
-226882 0
447067 0
383706 0
-796243 0
-304915 0
-846271 0
660047 0
-208038 0
-762146 0
-151145 0
-317735 0
-140582 0
909072 0
573151 0
-407435 0
984483 0
-61306 0
-238287 0
379710 0
938227 0
-79417 0
-437064 0
-776856 0
864103 0
-498833 0
-249861 0
442781 0
574588 0
66115 0
998309 0
164942 0
-581889 0
810138 0
828424 0
145762 0
726789 0
-582713 0
518228 0
643407 0
275757 0
200922 0
-919058 0
230857 0
-862237 0
636190 0
-727377 0
-344948 0
301969 0
32078 0
201936 0
968895 0
775684 0
-748710 0
722439 0
400339 0
-861016 0
-688274 0
-246259 0
-137152 0
-887392 0
-337242 0
-934767 0
-898518 0
693696 0
391000 0
-291217 0
-213056 0
-733545 0
317956 0
80719 0
895905 0
-511032 0
-263519 0
-719967 0
-650949 0
549622 0
-512589 0
368658 0
848864 0
-239267 0
-529394 0
125019 0
890150 0
696914 0
698547 0
-613365 0
-182103 0
-640273 0
808279 0
-381029 0
850392 0
315988 0
346868 0
-127061 0
549082 0
-37283 0
373207 0
-44106 0
-724260 0
4694 0
-305203 0
-340486 0
-89038 0
-545277 0
208775 0
180121 0
289645 0
93531 0
-643954 0
600110 0
800882 0
355720 0
-374174 0
953686 0
-95066 0
344212 0
-123385 0
-271314 0
-129743 0
393046 0
-819984 0
485802 0
-30111 0
88166 0
402839 0
-137906 0
-491607 0
786557 0
-612118 0
-481511 0
-356738 0
588310 0
-123856 0
149714 0
249034 0
173954 0
449737 0
744923 0
253782 0
-755968 0
861743 0
594300 0
260415 0
609566 0
695274 0
-383923 0
199192 0
44307 0
-129900 0
13352 0
-756893 0
-236858 0
-544284 0
-315236 0
-81118 0
-881315 0
-874745 0
963953 0
-159461 0
281467 0
131545 0
618743 0
-730666 0
893427 0
-968876 0
453439 0
279166 0
448081 0
459745 0
394210 0
-928731 0
608384 0
945811 0
393659 0
695894 0
-342805 0
-138757 0
931270 0
263555 0
537545 0
-826165 0
-426573 0
451607 0
-652396 0
-386927 0
37857 0
-380071 0
936744 0
696064 0
-571946 0
739404 0
-310495 0
806689 0
-447181 0
-334786 0
-756703 0
-863537 0
981425 0
184390 0
678380 0
-891858 0
-581524 0
209410 0
765283 0
-157587 0
506842 0
693693 0
299166 0
-477571 0
381160 0
-82952 0
459499 0
-469898 0
937348 0
394801 0
234304 0
-751909 0
359637 0
-600436 0
615203 0
174242 0
-852535 0
2108 0
622288 0
949921 0
627525 0
411994 0
777061 0
137239 0
-782250 0
-514173 0
-624134 0
-68022 0
-815773 0
-55367 0
682785 0
824299 0
473341 0
-358942 0
-853805 0
385803 0
-305429 0
164179 0
-897032 0
204650 0
214121 0
591885 0
-261324 0
753932 0
684079 0
972549 0
-164180 0
838475 0
-902121 0
233436 0
-379245 0
288242 0
-362268 0
942984 0
703211 0
669509 0
-887986 0
443376 0
278377 0
-791813 0
446784 0
-445771 0
-750098 0
68267 0
-682020 0
380989 0
260873 0
139116 0
-667377 0
102944 0
423868 0
-711913 0
371467 0
598899 0
-914241 0
854065 0
621119 0
-244520 0
80119 0
-625912 0
-592569 0
-714373 0
-361420 0
-878501 0
237947 0
155618 0
-19322 0
-77813 0
809185 0
659591 0
-589872 0
-966445 0
-288235 0
601931 0
642229 0
-526656 0
833290 0
-285978 0
-686415 0
-34097 0
155116 0
537323 0
789338 0
241452 0
-285438 0
502358 0
151339 0
-8091 0
-124983 0
679474 0
381 0
-991996 0
-736988 0
-133643 0
603236 0
157278 0
-668555 0
497577 0
1489 0
-501808 0
223752 0
720908 0
280801 0
-609083 0
315928 0
-758032 0
840783 0
772278 0
185062 0
425360 0
618496 0
799515 0
136027 0
-346663 0
861086 0
-596409 0
-921733 0
68232 0
-381447 0
-613152 0
144716 0
332376 0
-17084 0
12435 0
203978 0
997383 0
-814622 0
-243894 0
-538257 0
-871853 0
-146587 0
444800 0
724549 0
-909354 0
93391 0
-710449 0
-64820 0
414253 0
612596 0
-492706 0
903410 0
738939 0
-871593 0
-901091 0
650288 0
-694076 0
912181 0
216967 0
-244759 0
-311668 0
185620 0
-456656 0
-709778 0
860333 0
283427 0
718408 0
-170131 0
-387292 0
-190781 0
169423 0
-611711 0
-153574 0
763872 0
165238 0
-434578 0
66129 0
774905 0
-779183 0
-668958 0
186243 0
-138451 0
-762335 0
93083 0
956550 0
468848 0
-310852 0
914108 0
522364 0
-576627 0
-653330 0
-475417 0
-97764 0
896738 0
887098 0
213810 0
-275418 0
-253295 0
653918 0
106762 0
-11032 0
-498003 0
609684 0
486336 0
-127637 0
19845 0
873996 0
723655 0
-566638 0
-987507 0
-43407 0
500992 0
324252 0
-174611 0
-378454 0
-45038 0
-784864 0
687890 0
728720 0
133568 0
469036 0
50593 0
721513 0
249098 0
-130193 0
483963 0
-782027 0
-430726 0
902063 0
-245495 0
-327734 0
-783359 0
-6444 0
980678 0
-148269 0
-238861 0
-657563 0
461240 0
863325 0
-86030 0
939522 0
-873373 0
-890202 0
261698 0
89375 0
248652 0
47779 0
188307 0
-817470 0
493682 0
489033 0
-38391 0
29301 0
546388 0
754980 0
522282 0
908362 0
169650 0
-249069 0
694086 0
-994569 0
856315 0
-170905 0
970379 0
-947430 0
-516217 0
261088 0
-614441 0
932754 0
-889163 0
668330 0
180543 0
-255912 0
918557 0
-291636 0
-199726 0
768674 0
-816464 0
50740 0
-146122 0
11026 0
-492424 0
-591666 0
347352 0
720322 0
913578 0
-565001 0
806199 0
516817 0
-732275 0
202264 0
-219738 0
934190 0
-818991 0
-248120 0
308138 0
171300 0
-915293 0
-349058 0
472326 0
585825 0
826900 0
705332 0
224283 0
-869237 0
-974419 0
510063 0
421240 0
-379819 0
479078 0
-110438 0
271351 0
447897 0
-437960 0
-375454 0
-897268 0
496564 0
107076 0
-34017 0
106457 0
333382 0
-953824 0
517651 0
947004 0
-710341 0
-40039 0
386991 0
-909944 0
-457130 0
308965 0
652712 0
540501 0
951245 0
114167 0
144634 0
-878354 0
318586 0
26615 0
-521985 0
-18267 0
-204454 0
-930354 0
906870 0
-297191 0
-748273 0
752665 0
-203816 0
-382277 0
-111729 0
-207115 0
331196 0
838258 0
-941226 0
-199808 0
49475 0
360683 0
-335418 0
752789 0
-401111 0
-53662 0
-260965 0
5879 0
-888439 0
979759 0
-639332 0
715639 0
807799 0
988718 0
-969862 0
644242 0
-237213 0
-166134 0
271411 0
205897 0
-154591 0
-262782 0
871147 0
-543460 0
415438 0
-516597 0
-723607 0
-695120 0
476548 0
-643591 0
703695 0
-310988 0
-209766 0
-133648 0
-656781 0
-239344 0
-667796 0
-867497 0
-86887 0
401153 0
-606243 0
-8095 0
777767 0
237204 0
655544 0
-343341 0
47029 0
-152813 0
763167 0
951573 0
-744878 0
784725 0
166039 0
-615688 0
259126 0
782285 0
-692832 0
-151667 0
-345591 0
758932 0
251444 0
915509 0
-156514 0
-475453 0
-730224 0
-305411 0
-412136 0
283197 0
519978 0
986638 0
670808 0
-821487 0
-716948 0
-548405 0
735558 0
-991976 0
-19164 0
-378393 0
534348 0
-541575 0
-573606 0
626005 0
644375 0
742869 0
524916 0
330639 0
-872396 0
-957934 0
-270548 0
480339 0
662304 0
-583521 0
171547 0
-452742 0
360810 0
677219 0
-247659 0
-989781 0
770360 0
-162136 0
884655 0
-97926 0
-639058 0
-451997 0
-40559 0
-539686 0
900386 0
-783434 0
-418930 0
-765291 0
710548 0
-660967 0
-802819 0
659572 0
-351398 0
715538 0
-339254 0
917089 0
-123799 0
15638 0
575043 0
166174 0
812634 0
764021 0
202504 0
-884175 0
711237 0
-334996 0
-22688 0
-625554 0
-823120 0
-560270 0
208087 0
-240686 0
-757954 0
966362 0
-335164 0
299320 0
884834 0
869779 0
474824 0
508076 0
-620180 0
-761460 0
-932365 0
833002 0
121033 0
933802 0
-236530 0
361097 0
-491478 0
-367203 0
-884907 0
105351 0
857373 0
220870 0
669552 0
-950930 0
-338389 0
-887599 0
-447820 0
73988 0
-802072 0
94804 0
79062 0
174357 0
-524106 0
-235991 0
-357775 0
-625112 0
10945 0
-159340 0
667452 0
-769588 0
-819371 0
-469865 0
-666374 0
-42376 0
-727337 0
-40979 0
-135298 0
631045 0
50888 0
242017 0
123726 0
-938728 0
-347460 0
661924 0
-55800 0
-405924 0
-844686 0
-631058 0
-642814 0
654981 0
-337662 0
446994 0
-786675 0
273831 0
-991940 0
116452 0
-107883 0
275210 0
671099 0
471262 0
412159 0
-410085 0
-57435 0
-369388 0
-623258 0
201097 0
-577421 0
-838336 0
-890291 0
-661185 0
158070 0
-618181 0
-675923 0
-20352 0
-442917 0
529821 0
67135 0
-103296 0
775002 0
-357407 0
470671 0
516818 0
971160 0
-349124 0
591115 0
-479251 0
507778 0
700293 0
249178 0
-390305 0
-52975 0
-525175 0
485763 0
-734622 0
-696733 0
105264 0
-215156 0
606618 0
-355555 0
27133 0
653937 0
880048 0
273529 0
-169958 0
-819504 0
-687481 0
166836 0
965546 0
643490 0
-602640 0
865923 0
13708 0
86193 0
-667865 0
-187084 0
427834 0
-452142 0
401103 0
-704804 0
250245 0
655050 0
-637635 0
-161117 0
-174219 0
505614 0
-936812 0
-645110 0
-835846 0
169019 0
390755 0
-201190 0
10967 0
-610937 0
-644441 0
137022 0
381894 0
61875 0
-674600 0
-908963 0
-785015 0
603100 0
803170 0
426144 0
-556848 0
809113 0
-941005 0
-130409 0
873187 0
-375504 0
-457985 0
-737048 0
109345 0
583160 0
-840971 0
602877 0
-829698 0
121724 0
845170 0
-893072 0
213536 0
-77742 0
-672195 0
216532 0
569330 0
858423 0
213687 0
924839 0
42018 0
-574955 0
144991 0
-792057 0
-40020 0
-998203 0
-115881 0
768330 0
-55624 0
-479601 0
200485 0
-69722 0
-692749 0
441068 0
606807 0
513765 0
338138 0
-168150 0
