4280
1369
9942
5463
5515
627
9273
260
7139
7470
1966
7553
5584
7792
7409
7141
3533
7036
6522
2728
7848
2204
3906
2697
5498
2923
5675
3306
9317
8507
3618
9706
5147
4483
1842
8953
4508
3294
9543
8212
9745
8453
2868
9689
8208
4594
114
7980
102
7144
1183
5979
9899
4912
9946
7487
3834
3112
8289
8988
5322
1144
3183
415
5175
5216
1564
1487
8086
4442
1845
1782
3450
1959
8493
6672
8291
2826
5535
9139
5991
6054
5087
3494
7927
6039
651
6264
6134
177
9383
8371
8958
8512
3365
1634
8825
8237
9111
9178
3890
8829
9399
9809
5817
1426
8930
4705
1111
2543
393
4059
9765
1565
659
3979
2549
3648
1311
2511
3146
9196
2525
7828
2651
1261
6790
3935
9495
6005
1987
6008
7751
4520
2180
5835
3397
1785
2606
9931
2587
2813
1122
1593
671
2082
9418
228
7434
9268
2679
3719
6347
3263
9256
3248
1361
9692
7596
5636
8236
222
3595
9586
2765
8754
3329
6203
8186
5241
160
1219
1293
917
9343
9711
271
9762
2067
9510
3138
6771
8025
8122
4396
3764
4364
3957
8348
4026
9573
6798
4497
1685
3266
3514
1209
738
1210
4123
3288
3641
8523
3971
1591
1442
6030
1906
4587
5958
1405
1225
4859
2186
9155
3150
9342
5940
3167
6655
3284
4215
1726
9240
5095
1721
4345
3386
1836
3032
5491
3092
2423
6778
6458
7997
6912
4192
2922
6662
1867
8565
6542
1909
982
6658
1737
8418
9973
3900
790
7663
3282
3085
8928
1539
2553
1645
6549
1168
5855
2887
5202
8386
7542
7546
8331
4426
8868
5403
78
1557
3517
6713
8599
6574
6248
5840
4667
9251
8183
9926
9557
4194
2446
3851
7603
6968
6069
3417
6962
493
9214
6853
4116
4949
416
9166
7197
7565
1100
6168
15
8822
1053
2478
2725
3541
7014
8595
6187
4759
1598
5946
4478
5612
577
5605
7784
7837
2472
4057
4967
4175
6345
9220
6932
1862
6286
5369
1642
2984
5184
2311
6492
5075
8601
257
8774
5199
3796
250
4894
3238
706
1230
3911
7910
5921
6211
9453
374
3028
6304
9336
8859
8439
2520
4682
7366
1985
9675
507
5848
7846
6885
9125
14
1658
2510
6411
4668
5357
6049
9707
9904
8707
6889
1699
1329
4659
5514
140
7212
4363
9185
3963
5154
9644
9285
432
24
1609
7126
8385
4879
74
4563
9599
2053
4008
4969
9630
167
6466
6715
5425
5405
6051
3372
9746
7974
5430
200
88
7150
3026
6677
2379
183
5008
4689
5412
8767
6083
9556
9201
4982
8098
693
1194
5585
5160
5801
3142
2292
5825
3899
4189
2947
4590
6591
2970
5880
7477
3388
6077
1045
1660
7859
5607
4122
2034
3300
2277
2568
3220
1738
5886
2479
8891
8998
8401
794
7338
328
834
7372
9040
320
6036
4013
1525
1531
3778
9679
526
1302
1711
5145
7220
3102
4125
5971
4518
9422
8130
2357
6372
4196
3530
7550
1945
8699
9049
5224
6987
8039
3356
8396
5711
6370
9397
7206
1729
6206
1348
3245
1577
3783
233
5902
957
6217
4822
2411
9513
4622
763
8482
8442
7151
2302
9831
1467
7656
6936
3863
5767
559
8766
109
9314
9632
2071
4237
931
9851
3872
3837
8015
4516
1425
6743
7942
2893
9203
9530
304
5684
6995
4278
9953
8862
3305
4853
4035
3994
7610
1216
2285
5864
6115
998
8483
5766
9939
826
7072
1475
3785
2270
8886
6130
2546
2140
4225
9911
6140
8513
1243
3563
604
7239
4259
4019
8468
663
4094
7443
3549
4087
5857
7066
3128
4049
2945
3194
5891
4528
8736
3803
6828
990
9331
5756
6882
5943
7835
9496
878
133
2203
6016
4243
5404
3881
6191
3049
1821
8715
6559
3247
2670
8126
4003
8329
3334
887
4023
2041
8806
4436
8580
8094
5713
676
4
9563
993
5387
5250
2075
266
8049
3436
6983
7721
9610
2476
8068
8410
8220
1403
2816
782
9161
181
1354
7359
4730
9244
2429
6833
2271
1367
6985
1042
7431
8383
3292
7661
2427
7977
3551
8253
9714
8023
6407
2296
8040
3464
9362
508
4700
4487
2967
7587
7711
8223
8848
111
3508
7180
9195
3789
8543
6312
1820
1981
547
2368
1481
1004
9846
2340
7160
6806
5543
4952
2831
9845
9294
5526
1273
6665
3529
9621
3078
2979
6911
661
7724
8497
7579
3358
435
732
4378
9642
7754
2332
2563
3097
2105
8808
8600
1065
923
7080
3344
8976
7641
7882
9575
2960
168
3973
4789
3140
7606
1170
5140
9071
1940
2775
6630
3841
6346
9318
3528
1833
348
7327
3411
9108
8760
2291
2161
3927
1518
1834
1679
4987
603
4858
7273
4449
9695
174
1087
5863
5606
2133
6603
5899
7774
2394
193
4533
6762
5664
9963
4728
4707
7822
3158
3988
841
7237
9653
7877
775
731
60
6674
3510
3617
9452
1308
1879
1814
5234
5996
7561
634
3570
3693
8938
8704
7954
669
2890
3069
7618
4699
6701
2436
4052
7272
6555
6593
4395
6383
2089
9152
985
4926
4099
2170
9517
3152
8992
7194
1779
2367
779
552
8802
5749
8178
28
4191
1592
4749
5909
4812
8785
3691
8637
807
1154
7404
4661
2299
5540
2227
1156
9652
6249
2370
7967
9666
3123
1343
1075
9171
4103
5439
1921
7516
8809
5702
527
8409
4319
8124
1173
5352
3962
9578
7223
1139
6015
8694
1195
6319
275
7051
3813
9372
5009
9983
921
6433
7515
427
7729
4806
4014
2364
4881
6290
7583
1730
5111
4980
2196
7439
4780
4923
237
2641
6226
8275
1864
8486
2320
3285
8009
7809
6423
5496
4591
2415
3976
689
5182
1392
7864
8334
8070
6698
1562
4801
4954
4796
4621
2232
9792
217
3505
7946
1152
6680
1264
327
4408
6607
1324
9881
9493
6109
5238
7357
4010
61
8931
2266
8257
1570
6745
1578
1345
3289
5552
6198
3278
981
7723
9932
2853
6063
4569
8117
8320
5794
3722
9710
4310
7243
1523
681
344
7552
8235
2537
5113
7106
5676
1197
4697
6292
7714
8879
9855
9869
6266
4143
9681
636
7426
7013
5645
6224
2386
9404
4223
9825
8405
2358
4133
8270
7129
6497
992
397
8027
3921
4162
5189
6460
1586
8997
7484
2375
4138
1290
5247
4571
2678
8469
4671
3950
9223
7841
4630
7804
2643
9969
9128
9424
4159
1078
7103
4747
7775
1993
8372
765
9230
9796
8832
3703
7771
4695
5954
2954
3825
656
4770
6144
5650
9414
3993
7780
3404
1232
714
2213
2279
4737
5065
9491
8072
6269
3601
7623
6899
8164
4368
946
7549
2173
1944
8554
7698
152
9164
540
2346
2610
2856
3024
455
2736
3426
525
8177
1200
5156
3636
8466
7108
4218
4650
1318
119
8540
1571
4230
49
644
3366
3779
4606
110
2617
2167
3754
7440
5161
8128
3878
7955
6363
2414
9901
2729
7534
3326
1470
9020
5433
3711
4581
9116
97
4676
8311
6404
2028
2781
3607
3458
1792
9566
37
9609
2721
5558
4889
1957
1997
4077
4448
1548
5411
6850
1706
7367
8189
6468
7789
349
9134
9114
466
3095
5070
2870
5280
6666
1516
3177
4922
6641
2189
7460
5122
7488
5668
2656
3063
9466
9747
3558
6081
8771
2098
4350
5386
3746
6622
6512
3892
6098
2648
7813
6075
1199
5255
8420
9382
2360
9854
1761
4452
2108
9329
9138
2677
3437
1226
312
4755
1090
5869
4711
5550
2465
1427
3378
9258
5266
5576
87
758
1736
2059
21
295
7638
7097
1072
7475
9874
3966
1962
3913
3065
6141
2099
3864
4446
4605
3645
9718
6281
6615
3399
5334
1107
8036
274
8222
3457
5932
8217
3705
2818
1720
7083
4403
7734
7136
8496
1696
5567
2335
739
3441
5952
3664
918
5318
8618
7312
563
2899
3776
4299
1667
5810
7575
4829
1911
3198
2863
4090
9520
2823
5660
3685
9576
8142
5933
7687
1840
1071
2786
5765
6884
2964
1411
5379
5396
2918
8949
6578
1338
9841
8733
3917
7701
3202
3075
1267
479
3634
888
7380
1143
8687
6498
6663
1806
7247
8909
7913
3273
1106
7834
6519
9803
4771
3842
4209
332
1224
9977
1490
4463
1599
5477
7599
574
8982
4701
7385
482
9322
7267
9727
2793
7881
4653
584
8787
1767
5115
5193
1140
3223
2837
812
9593
2942
7964
7625
377
7489
6727
781
3643
5123
784
6594
9539
5464
3197
7560
800
8987
2378
7317
5957
323
9037
7952
9233
6183
6526
591
4416
3802
5218
1674
5078
1654
2003
9958
7301
3379
6241
7387
9915
6014
1281
6988
7064
8640
9
5647
5136
1196
9775
129
7410
8277
2551
3708
5137
9416
8380
3613
6708
7262
154
7167
9481
9291
8413
2374
7469
2464
8955
2312
4860
6535
2846
5984
7258
4115
1489
7733
9981
7838
9360
2955
6949
8604
9880
4390
8653
6938
1125
9761
9282
1666
2754
7205
3920
4948
245
9614
8851
3814
3702
172
6611
9549
5073
2926
7639
3430
7743
2111
1079
2454
811
8834
4168
3283
8662
8847
6232
6834
8977
5602
893
8764
4471
1307
8888
2973
3640
7436
3412
4203
5374
2444
27
694
2037
5222
3715
1172
2719
769
7973
9835
7562
6064
6584
7982
8022
7820
760
4817
9976
8019
9335
2848
1904
5458
7532
124
9815
9344
6010
7736
3127
2366
6639
3793
329
7810
6301
9986
5348
3770
2119
2731
2717
8864
4714
4181
6138
6890
1748
8205
4847
7649
8682
6823
9682
4494
7250
1718
9363
717
3190
4261
3210
3054
3298
8268
7381
4566
1710
8532
3139
2422
2431
1980
1384
1358
7154
8099
2548
1430
7422
8488
7564
1057
5663
5812
9084
9305
8828
619
3880
4039
4541
9151
4480
3134
5851
2445
3934
1054
5040
8608
9005
6021
8966
6796
5462
8933
8448
1289
7217
7521
5652
7752
1304
6895
720
9646
7905
9008
5072
9821
1898
2437
7551
890
6774
9222
2127
2324
1445
5698
9956
5292
3480
8574
6507
8239
7433
231
631
1783
874
4886
7039
5666
550
8748
8881
297
1633
9009
2674
595
9779
1328
5900
353
6219
7930
9780
2895
7368
9584
1151
6247
9673
3180
7614
4619
1665
6335
2083
2208
4472
854
2179
858
6820
9788
5096
9553
8437
3396
8915
3694
3821
7604
7875
9949
8531
9099
704
2808
11
9820
1009
3812
3777
4072
5569
417
6493
4097
3845
8047
4873
737
2788
8052
2647
1016
5377
506
647
7798
1946
7265
4290
9886
5141
3707
8945
5143
2290
1961
8110
4504
5361
5648
1541
9574
8562
1569
8032
4064
5920
4583
8395
1807
8062
4073
3903
3203
823
9647
520
7643
1506
8340
4986
2258
1421
1118
9505
1294
6230
3174
3992
7259
1182
1266
9113
6842
2824
3731
1412
8076
6732
7012
1884
5440
7764
2498
7038
6826
3599
1485
8762
6893
6453
8357
885
3310
4431
2821
3914
7310
4776
4190
8617
1986
4612
9413
5960
729
1636
9053
2584
1379
4425
1740
9805
36
5336
7712
9406
8081
138
8711
7960
3591
1513
5787
4552
3428
8944
9332
2784
7326
7065
3839
9536
3520
9772
8984
4867
4640
8589
6454
2982
4709
3481
9925
6311
4475
2246
1434
9905
4524
1829
9606
2078
6546
5030
8024
4556
1185
712
2884
9221
2162
7333
4869
1931
1796
8961
3578
7524
895
5582
928
1805
1494
5600
3542
2323
1994
4983
9616
5588
4182
2042
9910
3545
1996
1400
3182
255
7681
6606
2516
4702
4253
3187
3690
9655
719
7322
4326
6565
6255
8596
8382
5307
3807
1451
8885
1077
867
230
6355
4131
410
3463
3561
1818
8007
8197
5850
3163
3321
6766
5694
5446
4186
9498
2655
7842
4180
472
835
5759
4567
1995
4398
1098
243
2910
8286
3669
8971
4767
9375
5406
978
1991
2184
9333
1802
3956
1973
2229
7319
4377
149
3225
5142
366
247
3420
1581
4371
5853
7827
2219
6825
4437
9598
9502
2084
92
3907
8630
9354
5983
5326
7044
3106
2755
6420
5837
850
9091
2261
3985
1915
3325
7425
1988
9870
4020
5107
306
6668
4051
655
578
6471
3756
8425
3933
215
4529
8902
7324
9659
1762
5509
912
9650
2500
6972
1463
7277
6974
5719
8478
9002
4739
8799
9391
7893
7001
2980
7622
9540
6437
2226
1438
2780
1648
6314
6488
2506
2711
7447
5492
7793
1607
5743
8566
1936
4439
8111
20
7924
5513
8029
2712
5877
4641
8407
635
9648
7227
7364
5918
8995
300
7904
6102
5242
5026
5687
5674
8490
7481
8875
7224
3493
1417
5995
920
8293
9389
6789
5342
6349
4633
2602
7355
1242
8255
3215
2883
1019
3598
1306
1406
270
4075
4996
1048
8549
4156
5596
3401
5204
747
9041
7121
852
7075
3452
143
8441
4600
3036
1590
6805
1771
764
2419
1457
6922
2002
4663
5670
6233
5016
5593
2453
4135
650
8896
5233
7112
9188
8717
8317
3216
7944
5226
8233
2475
7437
4955
4852
3312
9980
1722
4887
2221
2013
9726
3656
6839
1603
6179
4795
6847
1428
7728
7304
4921
9624
204
2968
3871
6909
6486
8101
2194
2280
5105
9385
3137
4126
898
5414
363
1217
553
3414
7378
5777
2268
3007
4717
3017
5067
6965
3659
8471
7594
8692
518
4913
3771
5089
4723
7738
9934
9026
2308
2951
5431
7027
7653
6683
2858
5803
9423
2316
8250
7057
44
5718
9431
8006
4080
1882
1969
2438
9445
942
81
3083
4772
9396
7392
5779
6240
1983
846
2248
6028
7408
370
7667
9132
3313
2126
1801
2319
7668
2913
53
6046
8519
9523
8339
3769
6205
9442
9440
5109
5562
9075
299
3369
2382
8112
4981
6664
9349
2483
2632
8582
2477
39
118
9186
7597
8503
6943
901
2708
3604
4792
3847
7313
1245
5093
9236
8422
9535
2746
8823
8772
4827
2812
8445
8465
7102
9216
4211
3122
1535
3728
5407
6439
6579
7231
6779
3406
7890
5911
3355
4493
1353
8333
5332
1288
7703
1509
8634
5279
5583
4627
1681
9951
7257
9759
3013
2300
1639
4554
6087
3484
9435
905
6746
406
8697
2012
511
2882
7806
4930
6886
8266
8261
4244
5313
165
936
1500
8472
2470
9823
3196
220
8525
7906
3330
2898
6093
3214
3274
6333
3644
5438
50
9661
4576
1424
9467
1127
6413
5
4167
5742
4704
9589
1174
462
1551
7694
1888
346
2706
4849
4298
4322
1810
5185
8913
5735
6235
2396
130
8744
380
6000
4938
8759
1393
8308
8356
5399
1372
6073
1948
6858
3459
8323
491
4848
5531
7760
5780
6435
5260
4041
3662
7503
6011
9124
2080
4406
6271
7705
3047
1704
6253
9238
2097
180
6757
2174
1155
1444
5389
5913
7195
3119
1330
2344
9484
1943
3826
7514
9799
7274
9173
2723
5165
3704
5321
7279
2033
2625
4774
2303
1664
82
7125
8688
5469
1540
2049
3808
3560
6009
859
4276
3351
8585
902
5000
6048
2110
5442
6948
3030
4304
2121
4658
1479
2523
5393
9451
7919
5524
7472
8458
1332
6384
1222
4392
4407
4945
3454
3550
5139
2900
5495
4110
7423
6966
9927
3341
5699
2146
5232
9777
8016
2521
1897
4012
3031
3846
7678
4288
4174
7795
5053
7176
6975
5231
7571
8000
2704
687
4007
5220
5296
1876
5993
7911
5038
2834
6136
6478
382
8916
3200
4625
2613
583
6824
8541
3975
1377
4720
8563
1458
6602
9996
8153
3649
6872
9070
3374
8904
2894
8952
2965
6926
1613
9770
4703
1
4046
7190
9997
3678
4911
3982
6095
4187
8214
4044
7937
8316
6336
6867
7032
7650
3581
3524
3759
3876
8778
6543
335
5084
4865
612
9395
2533
7424
234
2499
1902
9183
6023
4582
4220
7956
8219
6366
4878
286
5641
6509
2006
7275
6891
7018
8504
9853
5507
7023
6773
3509
9121
7458
1751
3958
447
3941
2144
4366
838
1312
1732
6764
7320
5098
4069
9330
7943
7978
4821
4029
9082
314
5039
1923
1892
4746
7417
2886
368
3381
2849
3438
9376
6894
4070
7658
1326
4338
2
1673
3006
7547
4782
7671
2151
7124
4302
5528
1956
3073
1023
2373
7187
3008
531
3332
970
9957
7152
2491
8942
9225
829
9724
6977
666
1391
2555
1433
3632
8775
9993
8536
5151
6553
6613
2441
572
7290
4274
9568
1865
9541
7454
7585
1573
1147
8579
4292
9239
8776
4943
6652
9310
989
9051
9263
2541
3838
2214
8614
8146
6575
223
8021
7494
6447
2547
4285
7306
991
8161
8063
7979
3614
3717
3594
7581
420
8649
3105
6780
4977
9056
6162
2628
816
123
8147
9921
7402
4397
9638
3680
6114
2175
8139
2486
9970
3267
5955
8055
7498
89
1974
1292
2577
1203
9488
4644
7679
1584
189
8899
7800
6675
7165
5896
2014
2104
8702
8194
3154
3870
8642
7476
6670
944
4990
4030
1661
2574
5005
3308
1812
5371
2934
4635
6332
4146
2017
975
7624
6690
1831
2045
5004
5963
4791
8882
2752
908
4061
9865
2484
601
7925
7349
8406
5942
8980
9878
4324
5771
7362
575
643
8475
7644
3942
5007
6213
9135
7725
1659
3293
7491
9890
5609
3638
112
9503
9034
6041
4834
8188
4263
2450
3209
6287
3816
4095
4141
1505
1449
7371
3513
9613
698
2152
1900
7189
7985
4160
8732
6508
3902
7142
4935
2764
3539
4084
8020
4837
7379
9014
4992
5416
9537
3136
4214
6398
7452
6022
3681
924
6777
2401
7950
40
5745
7232
5795
239
6231
5229
2129
5244
4329
1790
5730
7975
90
2597
7535
6441
1320
8003
1777
1781
6053
1055
3745
5153
153
1305
3228
3231
4451
3424
7851
2777
1007
9083
3811
3984
1005
3296
9753
5190
6649
2662
6298
355
6671
642
9430
1910
1837
2405
3677
6970
2896
6978
5690
786
5632
1970
91
4282
733
2627
8985
853
5615
1175
9674
5533
9532
7866
8747
6438
864
4959
9086
8259
7386
5467
7696
8491
8138
8908
6278
1159
4515
7321
2074
5086
5566
8370
9177
1999
4924
208
9721
4200
4148
4085
588
8342
6776
4917
3924
969
9306
6291
8969
4756
2517
3996
3361
198
4736
9202
1742
9504
3877
3117
6848
1486
4251
6376
5270
8116
5931
605
310
1076
3635
5475
8379
2236
7899
9324
3297
6189
954
9734
1191
5335
9098
5259
7577
3130
7708
3303
2182
4430
1423
1337
6795
1112
6186
5056
1141
8701
941
2957
5481
1749
7356
4608
7740
7951
7242
3836
7135
3889
8746
9174
4678
1240
4224
2495
833
9308
8120
5846
5610
9234
9415
7420
8038
4401
5938
8310
6573
5529
8905
810
9739
614
7894
5849
873
7040
2744
6569
715
1262
4022
7994
9645
548
2466
8959
1662
5174
9117
4882
7536
2210
7598
2505
9130
8870
8606
7245
649
9938
62
9968
7179
2917
8424
4595
7035
9170
294
8647
439
4420
5590
3103
7363
4284
4461
3938
8590
8349
8256
6422
9594
6619
2794
4242
9585
4089
4222
1056
620
9685
830
1774
343
3432
4636
7528
6808
4473
754
7683
9109
365
2187
4816
5275
6967
9678
8303
2420
484
3937
1046
6339
6391
1815
2239
1631
8358
9095
5294
289
2404
4527
6082
9061
7297
6103
5422
9712
3492
2264
9168
3758
1429
7652
4459
8686
4234
3184
2076
4400
1764
6483
1527
8059
5834
5790
4440
4547
2413
700
9608
8073
9283
4558
5865
6945
179
3569
9555
2580
5707
979
9408
6650
4624
9719
9898
3869
5627
3743
5965
8743
7824
8133
1303
6849
6822
3772
966
66
9264
6657
5982
9542
6971
1187
8480
6378
3974
8871
6608
6547
2668
557
2077
2594
6679
3042
3164
819
6343
1784
2801
4245
9833
7921
8553
2529
486
209
3986
3572
8034
6551
9817
3143
7022
8404
2347
6172
1848
381
5806
162
2032
753
0
3768
2560
8840
2921
443
6612
5163
4610
8836
3879
4908
8659
4300
2512
3874
2342
8318
9521
1728
9732
6118
3287
623
3395
8937
42
8986
5786
6515
1798
7332
916
7865
8204
1231
9136
4166
5417
2307
5288
4257
2467
2488
9232
2463
2228
535
1741
1907
2538
4975
9907
326
5757
2260
248
4753
1793
4308
1413
8454
2621
2435
8731
3901
7768
8805
1671
283
2063
6106
8273
1091
3475
9027
530
9443
483
3242
7299
5311
6399
625
2233
7252
7819
8123
5672
379
7019
6373
1334
9620
6991
3891
5221
9703
9842
9437
463
3843
5456
2791
2999
6571
1380
4489
8350
1420
8839
490
157
8924
2011
384
3221
4050
4467
7710
7889
6692
1854
3738
7351
2190
4868
8354
4391
2857
9065
6878
7940
4038
3155
4750
281
5110
4370
9531
1089
787
2501
4042
6204
3585
6352
3987
5638
3431
9857
9581
3670
1635
585
5309
6465
8088
9402
516
8423
4919
5617
9400
3894
3066
9025
8615
9862
6357
471
3548
528
1601
3739
5789
485
9582
4932
5861
4272
2199
5003
7254
6065
5714
2185
4586
5359
7608
3995
6228
4098
3857
7025
5383
2722
9651
872
1256
8163
4235
2025
5465
3367
4124
5443
8045
6785
3610
973
6496
909
2733
3079
1841
9783
6793
5799
4888
955
2779
2253
3427
5295
6617
5536
1901
5642
8757
3653
3767
8914
3885
224
1508
8807
609
5133
3029
3577
6443
3676
9350
7330
9836
7932
7110
6511
7616
6071
6294
9889
7478
8324
5734
9975
7020
2687
6510
5480
3951
702
4683
1701
1763
2639
9790
3936
6644
1953
4800
9552
7664
4258
1606
788
5595
4522
4100
7248
1416
4047
2177
7314
5570
6944
3713
5661
6998
2562
6601
6316
6544
6940
1298
9345
3840
1373
8173
3234
5426
9297
5988
3689
4632
1484
9275
9088
6803
6001
3168
2252
120
3165
4584
8583
2474
5205
4387
7726
7640
5623
8013
216
5689
8314
7482
8820
324
4158
3605
8272
5537
9590
6930
7763
8729
3675
7613
1803
7993
8912
1727
6293
3763
822
4936
3230
265
4367
9231
6722
301
7878
395
2154
3700
8299
6395
8677
8271
6313
5792
1188
6646
467
242
7787
2769
3319
7953
7047
1398
1439
9816
2148
9813
1933
9989
1963
8957
9245
2036
3555
8456
1491
2398
8391
9548
7446
9722
951
9353
202
7062
8947
8403
8850
4871
7695
1972
9876
7803
2990
6431
9843
2819
564
7244
7558
1099
9810
2019
2165
6076
1519
1453
8276
3239
1776
4857
7337
1733
9137
9731
945
8586
7256
2785
736
9370
9129
7916
2193
7054
1370
253
2052
9081
6902
7720
4011
5827
68
3389
2629
699
2250
7218
6528
8638
1180
6315
9524
8838
8037
8791
5285
8722
8726
9525
1073
6861
3445
1114
4032
2949
6758
8854
2485
1363
8740
7928
211
2919
2123
8187
2456
9145
8105
1895
9013
9425
5316
7590
1622
9206
796
3070
9863
373
7690
1839
9755
7912
4951
9908
6844
1856
6503
7739
9292
6520
5625
9024
5966
537
5895
6484
2096
7855
2875
3868
6143
6691
4132
6610
8667
3335
1804
7474
1794
939
845
1620
4609
2218
3383
8285
1545
2739
7716
7612
9470
5350
1036
6959
5327
9204
2690
426
7870
791
2457
7677
5578
9045
4254
7876
3589
7307
7777
7970
3037
6227
6318
7858
9072
4306
6270
9830
475
5852
9827
9629
7537
5340
2425
7895
1677
1731
1037
5575
759
3477
9883
2565
7100
9625
1162
5700
4669
6268
8473
8960
9217
3939
1471
3521
1926
6414
4074
5168
9210
9972
9011
9341
7421
505
519
9162
1282
8307
1795
1649
4037
610
1937
6079
3352
2545
8796
1891
8887
952
2591
2086
5019
8200
9474
424
7578
8089
9683
405
3733
6026
8157
3860
3363
6379
677
4486
1683
106
8713
5366
3945
1844
7069
2383
3376
2113
6558
8919
5545
3753
8657
9176
1258
7654
1259
7266
9750
6310
3451
741
6888
4147
2948
3421
2880
5384
2339
3467
1526
6200
9752
6459
4602
1579
480
8470
2044
2564
334
1134
2906
6482
2660
2693
2109
2685
2321
4745
5415
8033
3496
4170
5925
1374
8301
2558
9903
1684
5421
9190
3162
9974
9369
8056
8097
640
437
5293
1602
1596
8166
7240
3654
6455
2155
2136
4562
7990
3347
8366
9766
5223
5517
6964
5953
7173
2091
7269
8005
461
3176
3592
6506
4219
8351
8683
5050
8830
8252
5344
3229
8693
2852
6869
4601
7191
824
9392
6761
947
5845
2038
7067
5494
5015
5287
8624
47
430
4939
8411
5283
937
3453
9090
1008
2971
986
5217
4611
4419
1278
5985
5277
4307
622
1359
6689
6718
4315
539
4784
797
2047
7015
8946
6185
5843
1047
596
9637
7996
558
3893
4380
4279
5314
907
2938
9357
5737
5974
7504
4450
2807
8400
3766
3343
6749
1466
8346
5614
3931
8174
5409
391
2972
2833
1482
532
452
9460
4228
6633
1030
8165
730
8865
4262
6072
4353
5677
7525
1675
8607
3621
9670
1150
3315
2132
8011
8627
3801
1874
1922
5159
3193
6903
1587
7289
9100
5875
8193
6956
8546
3048
8159
2700
8343
2166
2994
6920
745
5337
3336
6182
6933
9696
7400
5519
1315
1452
206
2088
2881
503
4088
6802
1984
6421
5472
3236
4113
9112
1605
8008
4840
7467
3835
5395
3932
5992
4691
7344
3858
4947
1285
2939
8892
2069
166
5586
5051
7
2522
7781
2749
8103
7646
2263
244
3166
7285
3387
8893
7271
2118
9462
8548
9269
6324
3474
8560
5034
5391
3407
2845
6430
9633
3472
2318
2039
6490
6552
2007
347
2681
1448
6393
9984
4895
8231
6256
4546
9794
3382
2726
9657
943
4356
4902
8664
9411
2145
2050
1949
6809
1589
2432
679
2608
5937
488
3782
7147
5697
9601
5298
8803
5152
9588
6986
9157
6099
241
1713
5781
3629
2434
6860
9218
2024
9861
8360
8221
7914
7006
3952
8979
2304
364
2758
1208
576
9172
1745
9641
9649
1754
3895
75
1146
4885
8861
394
7143
8622
9756
77
2160
972
5077
8779
3413
9826
7505
6450
7706
6418
5102
2026
4330
9912
9319
7063
9656
1594
3373
8777
6733
3213
1142
5665
8017
2645
6047
1916
4226
3033
150
1878
4995
672
1547
562
9713
9278
2575
6146
3980
4907
3822
6560
716
4831
798
9858
3074
2147
6358
4956
3923
2081
6807
8095
1686
5173
268
5178
1276
441
7900
4212
1215
6731
8800
2977
6273
5310
6427
1851
8108
5928
5868
8213
2212
5297
2134
3170
3440
8703
9133
4466
9828
3012
4048
755
7693
4017
3926
8798
3126
9126
9325
7438
1000
6457
2838
5754
8672
2635
5303
4239
9840
308
5534
5483
213
4999
4815
3398
3554
1137
1462
4846
7811
879
7029
5811
4333
7198
836
3918
3057
7068
1905
5980
5727
866
9545
4941
7554
4275
4249
5206
1868
4519
2421
6057
568
5097
6676
9031
5994
4751
2410
5166
5646
688
7520
3390
6397
3904
646
3593
5427
6865
4294
7070
3045
3259
9694
7137
6117
9365
9387
5997
1171
7600
2473
3258
6308
3041
5291
3631
4811
178
5347
2163
8755
9432
4231
5196
7098
2760
5149
5671
69
59
8689
5772
1651
974
3683
2603
6434
8167
7261
8788
9639
7303
63
388
6958
4335
9358
5705
6699
1357
2696
512
3218
7193
9909
3981
4660
6344
7674
2626
4892
8964
1979
9758
3034
8889
8555
8843
9010
1336
8338
8572
3185
3709
9448
6263
9301
4120
389
184
7017
7715
1158
3403
7700
9995
2566
13
904
1040
6923
9866
7742
3730
5265
1255
6223
7947
4674
9107
4411
6707
7353
2322
8690
3491
70
5043
1271
4154
4722
8665
1846
1108
1889
4343
9281
8557
8481
4427
5245
9892
3628
9127
3205
2692
1770
5052
7786
236
5212
7915
4905
1388
3940
9885
9844
2029
6929
4799
7128
3795
6632
8181
4273
2259
4240
2289
9409
9366
6821
8668
9583
3084
6125
7998
7405
9518
2392
6004
5486
6840
8399
214
5839
8869
9346
2116
6684
6501
9277
2738
3206
2699
3829
6799
9207
7852
5450
2238
4379
225
2273
1043
8517
5972
7295
9954
6104
5561
5398
4778
5060
9367
6196
8666
9039
5716
6456
2365
7901
6132
9499
2931
2802
9658
1537
8898
5201
3832
1344
9967
8154
2348
1692
7584
2251
2278
7767
6864
5841
3588
685
2805
1621
3955
3415
5885
4145
3830
3603
7216
8075
2234
2387
2369
5761
8814
4414
459
7376
1166
4424
6557
8616
616
4734
318
5637
7127
4634
5418
746
8943
1331
3157
8741
4349
695
3324
5127
8408
474
6548
2601
1676
7666
3461
1644
8337
7471
8359
6954
5300
3377
5930
3418
7485
3025
7961
6706
7601
1051
1939
8492
8199
126
711
5890
1877
7031
9723
1395
7972
8218
170
4136
5897
8795
7689
1349
1536
7492
865
2929
6445
2615
9427
6857
1511
8950
6401
4328
6851
3243
597
387
3364
1709
2691
2638
7923
6122
2122
2240
4927
2399
2878
4598
4998
7704
3488
8216
5604
3446
9115
2503
837
7134
1132
9048
8631
5046
3867
8611
2286
1778
85
5805
9631
6164
2772
3249
358
2757
2983
1399
4460
2988
8724
8195
2100
5987
1608
6149
2338
7632
5538
3060
5579
5685
1028
8426
8632
2745
6739
9321
5315
6596
3280
9379
8149
3972
8367
9080
3884
8373
9302
6843
8940
6697
2595
9094
3582
9837
2284
8501
1441
5181
5831
980
1473
922
3579
1627
6941
7401
6157
869
4221
6193
7055
1101
5945
5929
5544
7885
7531
321
6919
4083
4445
3104
5208
6163
9480
5701
1356
761
1321
5413
2684
9144
8676
4698
1119
5755
3501
8547
667
2654
5401
9373
1044
1611
674
7034
6604
3462
8558
884
8190
6787
1113
3188
9562
2389
276
8626
8846
8365
3526
4193
5630
1206
773
2188
3531
5731
6562
9619
8064
4532
4444
4492
4804
2352
757
9247
4340
9864
6804
3990
5479
851
4112
5080
425
3580
8684
2932
4093
1069
1542
6123
5197
2531
356
4526
7457
5074
6887
3318
5402
8393
1672
9393
442
6267
1887
6120
5717
7727
1029
1512
4603
32
4897
7507
5644
713
9187
9626
6473
6740
2672
7003
2914
390
9428
5079
4134
1678
5493
4910
8104
5432
2440
6080
4946
6089
4317
8813
9781
7567
9313
6100
3435
6470
5807
6147
7461
4028
7056
2390
2442
8655
2023
9879
9105
3865
1982
8527
5397
2961
774
3997
6866
2797
1233
4071
3905
9959
6797
4428
6982
8804
5497
3485
2989
7394
6539
9200
4373
3538
9359
1702
101
7540
26
25
1136
9529
3909
4997
8994
1640
6088
3489
5826
5420
4903
7630
4854
8144
4629
7902
7593
7796
8528
8816
9916
1843
6353
6390
5530
6199
3540
7651
7805
4031
3455
6257
4045
8680
670
9508
238
3359
8499
9662
1604
3912
8629
9856
7286
1456
8440
6300
2958
8900
8421
5333
9279
5797
2329
6951
5054
7922
701
2430
367
4205
4470
5950
6517
3624
72
9887
7181
4102
4928
5964
881
103
8361
2215
5001
5194
4614
6800
7335
1858
2559
2804
4777
412
7343
7897
1041
6246
6883
855
8464
6703
9896
4794
5935
2618
2892
9860
675
5577
8845
6541
9000
1968
4740
3093
1583
1791
9012
3504
337
7785
8102
8514
9401
2630
6351
6915
9604
5611
3385
3354
1409
3425
4642
2839
2830
3573
9405
458
4545
5862
8628
1632
6863
495
7016
8455
6752
7281
9554
164
8860
4820
5693
8906
6251
352
71
2131
7463
7718
5320
2243
9743
9663
767
7048
2832
7473
5172
378
2570
8240
4692
2557
7497
9930
4536
4559
2008
2172
2403
9640
3991
7168
9208
9559
9215
4229
4962
6068
4836
4462
8811
4841
8449
7316
5487
2743
9253
2072
7629
5833
1752
4107
7749
4173
6092
5903
4169
6631
4376
8444
2782
3071
9950
7669
7229
8489
9093
8545
7741
9276
6369
4814
5657
79
7042
4063
4153
6627
5209
4144
8835
448
4321
6770
9918
5331
5254
8691
9228
6910
4643
9749
1617
9156
3748
6112
6461
2682
1309
6389
7096
1186
2578
4687
3800
5658
2707
8922
5619
1133
273
2840
6272
5760
9528
2198
3179
9021
6880
3000
4152
8344
5444
9741
1930
8313
9700
3473
1097
8369
4639
5691
849
593
6055
2646
3960
3983
2644
570
1947
5872
456
5516
8679
8954
2742
10
5732
8031
2451
2101
5981
6367
1920
6480
963
7602
4760
7302
4856
6836
4929
6385
6365
1167
2128
8520
5740
8518
7847
7260
9492
2341
8571
8993
186
6525
814
2317
2345
6744
305
7288
8636
8753
6687
7744
7449
7251
1472
3969
1595
8877
1775
7148
7208
7493
6829
896
6220
1381
6052
897
8594
4573
3339
8315
6288
2494
6841
5121
3429
9990
2528
4385
7383
4763
5424
6934
9446
3818
8625
9058
5574
5082
9733
3946
6781
5317
6034
8118
1553
2354
4140
2598
5912
5179
1514
4896
1443
2810
6582
8058
3600
122
6417
2604
7645
9191
6791
9309
6536
7676
6260
8769
2222
4696
8229
1214
3201
5027
4269
5521
201
8620
6738
2836
3199
3721
2297
2397
6116
7691
8232
6452
4877
6623
7354
3264
8581
2576
5603
4314
7543
4654
2197
8621
5876
4202
6018
8368
7888
2275
4484
8127
3584
3780
4623
5180
9147
1789
359
9509
3302
8761
5649
5883
3849
5720
1883
8681
9978
2582
6957
333
3615
959
1342
5055
9420
3192
5948
7595
4101
2935
9479
6126
1832
9847
2509
7831
792
8936
4783
5448
1277
606
9795
226
4675
3609
7138
7396
4341
6061
8678
6175
5680
9290
9381
756
5842
4681
3064
7406
113
8641
8355
9159
4593
5830
7395
7823
3750
7592
7582
5132
8592
2363
5451
6589
9483
8079
4287
2249
8738
3479
5768
4429
9702
2904
4161
7934
8028
2667
398
6717
910
5613
4863
8265
4589
1723
5219
3439
2471
7799
6495
2588
1340
1927
3241
5572
3055
9527
5829
9748
6124
3301
5894
4764
8612
9447
5022
4394
7253
9735
2567
9167
9767
429
9287
5339
1220
5370
4757
3023
3566
1002
4942
9036
5162
5092
9487
9829
2703
8347
5725
4974
6673
8416
6625
3663
5639
2581
6463
5365
2085
6538
1297
6151
1038
7759
3978
4733
2879
2940
6999
2897
6502
3773
449
8749
8414
3331
613
4823
9764
7204
4964
4479
2031
2372
1517
468
4597
7008
4850
8578
1026
1296
6027
9160
6694
1117
3250
8114
772
6667
5758
5441
6897
7202
5020
7308
997
7548
9736
962
4006
4933
5069
502
5447
3805
1432
6476
3175
1809
5860
5706
127
8975
9595
8603
8856
5580
2493
8575
1643
8247
9267
1252
9461
5499
3833
7060
6188
3928
7853
926
6043
1274
5643
2771
9906
9628
8203
6392
2205
7880
5049
5101
4775
2680
3043
6462
1623
8670
2183
9500
9296
4855
8030
8054
4289
2877
3337
5301
5248
4409
813
8751
1886
9059
6105
5124
6020
5791
1247
2283
778
5503
5382
1024
2561
8706
2747
5510
4384
6258
9434
454
1012
3169
4872
4808
4993
1060
5346
7761
450
5908
2524
7207
5934
9564
6371
2985
9327
3612
3623
2330
9473
1758
3658
2873
7342
7747
8978
953
1477
1460
9618
9533
2637
9838
4537
6485
4176
4715
94
360
6201
899
2847
4509
8269
549
1283
7236
7091
7061
3402
3051
2763
2710
6425
1498
3660
2274
5025
4539
4719
6514
7557
2642
7456
7856
2620
8544
9029
6169
6924
8696
9449
6704
4925
9897
8065
8225
5573
4365
8249
8428
7341
6024
906
2054
7178
4232
2018
2912
7983
6066
3040
9716
5129
9962
2400
4664
1013
7264
2907
3765
7572
9494
2409
4828
3544
9698
3153
6142
3859
5378
2714
7863
1102
219
621
8447
6180
4295
3186
1918
4690
3226
8332
2653
6354
9003
5155
9936
6067
8107
6212
408
4360
3523
6609
7713
4332
2056
2447
3543
2142
582
1464
8309
3587
7920
7609
4838
911
4055
7879
2458
251
6244
3620
6181
2944
7657
2544
8817
628
4738
3774
7843
8244
1003
6640
3819
9627
1085
4412
1193
4438
1221
7782
5858
9693
4802
9603
67
5187
6724
7812
7270
6892
2407
8467
3736
444
1123
7094
7350
29
7665
8282
3291
6896
8894
7697
1952
5392
7233
6394
7172
4819
7073
886
6993
6161
6783
6058
799
8459
3129
7773
1074
6518
6831
98
2359
3568
5975
9579
2079
3855
8430
566
1538
3207
7999
7758
1707
7230
3449
7717
9800
4788
1064
6173
9686
8576
6590
5978
8564
7084
2996
522
1670
6284
9786
7699
4117
1437
134
1555
249
5045
3507
7513
580
1893
6329
4670
7005
1890
8330
9776
7049
9684
5728
4916
7177
7280
7829
3999
2767
1407
4866
8078
2865
5290
7508
2686
3256
4851
7329
9227
9558
339
4171
8283
7077
657
3775
6360
2974
1314
7527
8551
6410
842
4468
6742
8160
7209
7109
581
2513
4735
1772
7526
8709
4441
2209
1248
6277
6775
6996
1378
3133
8650
2530
7076
3466
2489
9131
1951
3734
529
5822
7291
6767
8810
2418
7976
6643
8
7883
3626
4118
5478
4940
6855
2911
5047
9347
7918
8550
3815
3788
1192
5278
2720
6947
3290
4313
3862
9768
2798
4656
3151
3741
1630
5592
7517
1093
2962
6654
7529
5461
4694
8278
4540
2975
5922
5130
2927
6813
3639
1010
1566
4604
7938
6197
7903
9458
1347
1478
8794
6477
2534
6282
5112
5556
4893
7045
1351
5466
9338
2376
2257
4499
805
9728
2481
4381
2673
5028
5856
8781
4286
2855
8080
4744
4291
1181
1049
9933
4510
2664
1371
7816
2737
207
8001
9947
6489
9514
4785
7284
8245
9421
4825
1201
9407
4809
948
8522
9914
4688
1161
938
5170
5006
6659
2694
1669
8556
8883
4105
2030
5804
4672
7684
2822
749
3014
4666
3498
1239
579
8880
6250
2770
501
1852
7790
3002
185
3518
8106
3949
696
1561
1529
5892
1355
2107
9875
2889
7963
457
8935
6769
3345
6537
2242
5135
6794
8192
8150
8109
1588
9814
6218
7448
2867
6426
4164
8533
8651
3254
2652
453
4318
4743
2713
6726
5527
1360
1017
9691
4900
9560
2102
278
9213
4096
402
2287
4844
1755
602
5188
3268
6716
6108
3039
9793
682
9023
2727
7868
5375
9738
6156
2631
3597
2661
1610
7958
5944
9046
3307
3100
3276
2842
1496
7499
9312
8234
718
5338
3362
2004
43
4665
8716
930
4727
3004
9087
3132
7776
9412
1021
4662
8182
1034
4953
3760
1095
2787
1083
6688
7120
4150
7887
8500
7490
3961
322
7533
4568
9289
5798
3535
1567
8996
6317
8322
3050
407
6209
6386
9043
1559
8831
3482
9760
3010
7200
5304
5273
7166
5024
9729
6359
665
7573
6881
9316
6074
7153
6587
8529
5939
2605
6874
5654
5485
7825
3149
3637
95
4596
4626
1822
6252
4549
6916
292
7226
2417
1625
690
7544
5715
5062
8645
6436
1027
7707
514
2384
1346
3786
7358
598
8770
7347
9028
4256
1169
309
5782
4458
203
2201
5012
6513
9419
5351
6491
4464
5800
3116
4655
9163
7294
9438
361
2515
4813
7746
5388
6583
3729
6050
8542
766
1086
8934
131
7107
4348
8925
2550
3627
6337
3688
5726
9364
983
1474
6629
8326
8290
2496
4768
9468
2106
8010
93
9035
7009
8014
5505
2469
7757
5258
8826
6170
4560
949
8241
7419
6481
8119
83
1714
1600
2796
8646
9388
396
6868
6700
2395
342
4585
5621
3340
9142
9249
2843
4839
894
6327
9303
1753
1929
9687
8185
3422
4372
4065
2455
3465
1468
262
1734
2701
1385
5662
9060
413
1768
6653
7662
7748
1198
9882
7464
680
6238
5559
2507
3576
2748
4564
6695
4577
3798
3003
3059
8989
5286
6647
6856
7621
421
3622
6174
8853
319
1382
1062
5773
9917
3515
809
7002
6424
4250
1863
4346
882
6873
544
5587
386
5640
1515
4628
9193
7293
4909
139
6225
7398
8661
1263
2624
6586
6133
7981
7352
7131
4413
8873
6741
5914
8433
4793
8251
6412
2724
4009
5703
9096
5031
151
6812
5305
7445
132
48
4748
7769
8248
8577
9884
4937
8734
4316
9377
2191
6091
80
9654
5400
7101
8842
3740
592
2636
5470
4357
173
7607
768
3111
369
8389
8175
8660
8609
7719
8398
23
734
4506
8202
7004
7872
2866
5546
7869
1520
256
9374
1585
9872
6950
6356
4327
9299
7633
9417
5032
5068
1454
5881
5269
6545
4961
6194
116
7413
6960
9567
6561
7041
492
8474
7788
4754
3015
7756
8510
478
4677
7429
3076
3606
1859
3101
1914
5656
4620
5633
9390
6190
2844
1628
9485
8705
1827
5489
3525
4684
163
3882
5081
1202
832
1638
6626
8685
6119
145
5059
8506
903
976
6059
4402
2817
1327
9119
6669
6299
7164
8561
7225
5659
9457
8451
9708
5210
5474
5762
7692
1871
6614
3608
6725
7917
7862
573
3667
8044
8623
5330
7183
17
8387
8402
4217
1687
9785
8254
3652
4957
8002
76
8983
7660
4068
8700
2141
3727
9047
5554
5484
5910
9165
2946
9676
9591
3929
1708
1894
6736
2616
7184
5741
5802
6755
7808
5947
4066
9476
705
8328
9219
2314
3679
7201
7007
6832
6236
6913
9596
9455
9605
801
1251
64
3823
6229
844
4104
2916
5353
6096
4542
9175
1800
9371
3113
2761
8302
4358
2614
3989
4399
3567
6330
5682
279
658
6585
4505
4561
1480
9923
4503
2519
2230
2282
3252
504
2959
3497
1903
1129
521
4511
6171
2986
4512
8151
3809
2908
6859
108
7750
8591
4649
5764
1965
1387
8725
6955
3410
5889
877
1280
3699
6042
8635
8967
4108
1145
1503
6830
967
2216
8201
6159
5183
6939
7149
4114
5240
3279
6862
2468
2702
7033
538
9812
6500
5449
5520
8494
4729
4712
2351
678
8417
5343
7530
3692
7619
56
6207
5167
7305
6637
793
8841
5445
9274
9515
8956
3469
1408
1081
8941
1295
5215
2065
5774
1366
1218
913
7631
2220
1719
6750
1756
4781
9057
2518
5066
4352
3947
8929
460
7628
6387
1319
780
5785
860
6446
2005
6723
5017
652
6810
1780
9103
8495
4517
3804
2658
1394
8158
409
1869
1094
9699
2740
419
5198
6334
2705
7949
375
7512
637
7430
5808
1383
7688
6085
3687
8297
6521
3114
929
3672
6202
8140
5813
9945
4058
3181
1447
6523
9999
1059
7412
5836
2995
2267
3370
1808
5308
9295
6440
5733
5169
2094
9441
6702
6045
9998
6192
5500
117
1760
5281
1543
4906
6305
5692
1205
7745
5721
8156
1572
2159
2452
4195
4726
6901
1712
2169
5866
6918
2255
4501
9757
2328
2068
9526
303
5408
4797
6678
3444
7111
5571
7391
8739
4880
8388
4713
2305
4305
6852
3625
626
7276
1941
9717
751
1153
3468
6728
6019
2666
5532
1410
4293
3224
2872
1126
7268
6814
6516
2586
5324
5394
3564
6712
2622
1955
9516
4109
8921
6419
4845
4491
357
5854
3156
5924
7832
2247
7241
1313
8295
3270
4798
1376
3583
5809
1177
5753
9811
1431
546
2526
2157
1204
1237
6980
9064
3799
6328
9751
351
4477
3061
3749
436
1641
1860
3391
3806
4842
2969
8890
6984
5917
3964
9122
6530
6597
4588
3619
6748
2814
4369
5390
3018
100
7845
590
5653
1932
4835
2669
9782
1964
8327
3590
533
2828
5893
8498
9022
1637
1899
2066
3082
9804
6037
8267
2443
3005
6155
7215
3096
3944
9118
2861
3275
5157
1816
7090
5818
9211
692
4752
1813
1389
618
5601
9818
4025
9902
984
5565
8325
633
8352
2698
4761
9205
7442
146
8833
5100
9015
4309
9636
5088
6642
5581
6448
5560
5228
3353
3853
9179
3089
1082
5594
5063
1104
2016
9209
3357
6405
2176
7348
2539
8176
817
5986
6375
9348
4976
8274
7617
3527
4574
1717
7647
3797
8184
5598
9802
7966
2010
2768
9456
6854
1469
925
9032
1873
2223
724
9979
6396
7576
725
2619
3317
4465
7432
4233
880
6527
638
789
8141
8060
4163
7908
1552
5018
5793
2659
267
4805
3888
5118
3348
8539
5214
691
7502
9982
5564
8170
9801
7539
3145
875
7936
5904
6721
6660
1128
9001
6580
4807
338
5750
3503
8281
9994
6402
2928
8790
8132
8963
6540
1176
1908
7377
8874
7092
9030
8121
9241
7119
2393
2925
987
6086
2514
1530
7255
7170
7709
5455
3852
5364
662
5289
8296
7058
6681
4024
3499
7886
545
513
5200
8392
3596
8511
1616
8837
3121
3419
2294
4151
284
707
191
5363
4015
147
55
8341
965
5490
7722
9867
8570
4005
9952
5739
8756
9572
668
5138
5551
5372
5468
9940
2532
9052
777
7382
7309
868
2676
8476
6618
1690
7732
6624
9988
7483
748
3790
5090
7772
8050
52
400
446
9079
7105
4773
7360
9259
4241
9469
6127
4543
1333
35
264
5104
3447
5667
5299
5599
9307
996
7968
5884
8765
7011
142
5951
6990
5681
4651
9819
3714
1828
914
6429
8487
9016
4833
8046
7627
7450
8593
4965
2902
9328
293
1061
2795
1270
587
6737
7441
2841
7635
3408
7462
1823
2095
6111
404
3896
5770
9929
291
3732
9784
9235
5437
7857
889
8508
9320
2040
4918
3565
4383
8134
1495
6242
2809
6110
8228
7867
4178
1272
261
317
735
6208
2114
1067
7365
5709
2860
1691
3712
4301
2117
423
4421
3476
6295
8872
8792
7555
5915
4246
3642
2156
5788
2806
6374
2217
4613
2021
5976
3159
4447
3068
8415
2301
3646
4157
7171
988
1229
3532
1826
4631
2650
99
7826
8827
5225
7501
9807
8663
5385
2600
2623
2966
9550
8730
6734
9920
8855
4336
5176
5256
7500
3556
302
7682
2362
686
5814
8923
9055
828
136
9149
4810
9284
7766
6685
7089
156
802
9246
5523
1335
325
2439
3792
673
2015
4920
8671
9459
740
7486
2153
212
4544
3172
2334
5329
6729
857
509
9507
1582
6763
4201
9587
4433
3861
6661
5956
9577
4481
1436
7797
5784
8305
5150
5541
7496
4303
1397
5488
6760
5071
726
4657
3897
2022
7390
1615
7123
4043
7428
6289
6012
5239
683
1268
6904
1422
6451
1213
8857
8172
5164
1455
4033
5117
341
5021
4405
7085
4355
1269
3922
4994
3090
4264
3124
3519
3304
2811
4914
9561
1080
9123
7844
9580
9742
1033
6524
5878
5686
195
6033
9888
45
5094
3098
2051
2592
3647
9192
2825
7801
7211
7334
288
4260
3787
5819
2987
4137
8394
6581
438
3511
9153
2149
7518
8012
3269
5961
9985
645
935
7043
608
2103
9248
4615
7122
6576
3486
1109
1558
3147
848
9522
2336
8206
3723
8288
3349
105
3875
541
2633
7318
3726
4210
6297
5673
8633
560
9955
3965
4216
4876
1148
8644
554
776
933
5973
3817
9262
7287
7907
4862
8573
8087
8745
6237
9033
6107
3470
3109
1066
3056
7155
7941
2504
4496
3630
5511
6469
5708
4891
3844
1006
7731
4422
6148
8619
7411
7037
3828
5553
2256
2448
752
2937
6879
1705
8434
8279
5203
3915
2869
1850
229
3908
144
9384
298
3720
8148
1629
6714
6195
4334
9744
433
5457
8280
8658
3725
2124
703
263
8673
7541
5651
2609
8538
9824
9355
883
3552
6032
8537
3077
641
8376
630
104
6759
5246
9085
2090
451
4901
2035
9426
141
9252
4741
4312
8884
7673
2876
5103
1881
6720
4538
1942
2905
8780
16
4779
5207
5119
5977
8258
5341
1131
7238
3682
3827
8867
192
5775
6216
1499
4507
5796
1811
3260
9806
57
4053
7839
7361
1011
2288
1284
392
3148
9104
6400
3810
7393
4874
6165
6221
1747
5999
9740
9960
6296
7331
6006
1925
4139
3898
7296
6259
9497
1825
5048
3850
2792
1521
1236
632
4434
4000
9475
3943
6350
6007
5452
684
8698
7210
8362
73
8207
4971
2272
3970
2057
3848
2337
8852
4453
3178
6475
6981
9068
1419
3393
3916
7648
4359
6160
9671
5704
4890
7174
2487
6837
2482
1246
1924
8675
7995
1978
6505
3262
1528
4500
8196
3967
8484
5888
240
8335
5710
6531
4267
4898
1522
7680
3016
3001
1323
9352
176
708
3338
1160
1998
4040
5906
8069
7213
246
6013
2993
3755
6415
5325
8505
9007
820
9050
5306
2349
5624
6927
6532
9987
2125
4803
4652
4638
7891
5622
9250
934
5722
6158
2295
8613
2195
3087
2192
3633
4165
6377
1227
6997
1070
2741
9436
6937
2408
3575
7992
3257
870
2885
6921
7737
6550
7984
6152
2901
1450
8569
2762
2092
4418
1992
2244
4870
5213
1544
1362
5828
282
3400
2460
4004
927
6710
6449
6835
9822
9182
5428
9961
3027
2671
7989
7374
5134
4323
383
34
831
617
4617
971
3686
8968
1698
6598
3080
7836
8129
900
5882
8397
8168
4915
9386
6595
9551
2750
1120
6747
3371
2851
1954
6730
4646
9018
1310
4724
6129
6381
9506
4693
7196
1350
7234
3189
5435
2377
3751
9992
1401
9063
8419
7346
6572
2540
315
5356
4972
5968
1184
1716
5014
7730
4129
3099
7078
1703
7451
6121
481
6905
4027
5177
7957
5471
9054
4199
3747
8179
5011
2663
9839
5349
932
9928
1014
9730
3375
6432
1207
9715
1568
6210
5620
4716
8917
8084
9089
7465
5473
1163
4572
8652
8145
1402
9602
7935
6994
8085
3671
9571
6628
7052
4525
551
7093
6474
8735
9110
919
7235
4710
84
9340
5434
2991
7969
8048
8304
940
1797
2778
6279
8377
8071
9478
6078
4386
827
8858
8516
6564
1497
6325
7071
5723
4457
2171
9311
7182
5547
4616
2406
8018
1316
6368
8999
5235
9242
1238
6782
2333
3651
7118
6946
843
6338
9315
3277
4864
290
7026
4488
6406
9169
534
4410
9900
9668
6094
190
1149
8452
9924
762
3161
1989
6906
4149
565
3701
7794
7156
3316
296
4725
8230
5126
6044
5776
2424
1504
9464
1025
4973
892
3265
2953
9935
3053
2508
1975
2920
6254
5460
9565
9512
2355
1253
8026
51
8238
3742
7375
4991
1872
7397
5023
8786
1446
7509
3219
3571
1786
7563
4680
4513
9398
487
7146
4618
6128
6705
5128
8412
6634
4685
6321
2139
9511
9519
5358
7114
7987
6811
4498
5927
4016
1875
9787
8375
8004
3067
6816
2380
3244
4206
1364
5959
5778
6786
1341
1368
8450
33
6976
1050
7059
197
9339
2992
7702
6265
2756
2388
7328
4079
8973
1618
8723
9769
7948
2241
7246
155
2536
2462
4960
5844
8432
5146
6870
9705
1063
5504
3674
6056
6682
3460
5724
7568
1724
9941
269
2820
9965
2829
7580
8135
6
218
8446
7000
6845
5990
5381
6556
6651
2981
2998
1352
9044
3762
3954
7807
8227
1697
4435
8215
6928
2313
3261
961
5249
744
434
3724
2933
6534
2459
12
6214
4268
6751
235
9403
524
2583
6600
3251
5820
5688
4534
1440
6025
9361
3534
9948
7929
1018
1580
385
7860
4142
3160
5916
135
8091
5033
8821
4988
6638
2073
3716
6479
9378
1532
5815
6153
6362
1244
3794
9680
8758
3072
7095
3322
464
6788
8061
7370
1058
2552
7818
2168
8674
2350
4673
6686
7686
6017
8051
469
1788
7117
4339
4476
5563
7188
9850
6101
7175
5064
9913
307
1739
9634
3500
128
2000
8530
2001
1092
137
7615
4482
9600
1257
6792
4950
148
8364
1300
1917
7986
1088
6326
58
2064
5158
6935
9891
3191
8198
6070
3559
2231
3456
3471
4718
2790
9141
8057
1668
2315
5061
8292
968
6382
9834
5419
4111
2634
3380
9754
1228
4106
536
8991
4521
8669
9501
4984
7113
336
9789
4297
1022
5274
7339
7802
7192
1619
8462
4177
2164
6818
5568
1032
8042
6234
7511
1549
4555
7384
8643
8910
3281
7620
9439
4679
5029
6487
1928
5429
1105
7028
7145
9725
3299
6592
3044
7559
7962
2353
431
6969
3091
1157
7591
7959
6636
7373
9859
1322
1769
3195
187
3141
3831
8263
8521
9260
9265
5631
2310
4883
8948
5901
7157
4172
804
9074
4119
4648
2224
7735
7833
9944
313
5423
3483
4283
5267
6554
1725
7468
2596
660
6145
8390
9763
8374
9410
6261
1880
5905
5083
3448
6131
3416
30
1254
3110
7082
1757
1976
9444
9326
5616
1853
7945
1655
1164
4565
115
8981
958
2874
221
1234
6616
1657
9181
1084
9635
7506
2952
1190
4944
1103
9106
9922
4393
4121
259
7414
2963
6784
9490
648
3930
3968
8801
1418
7389
4824
3208
1325
9101
8782
589
6139
6176
808
2178
7323
9465
2055
5879
7909
5171
9073
3443
7556
7298
8053
7896
8819
6040
1483
4765
8742
5120
1015
182
8242
1138
9971
1135
6645
5823
7203
3562
8866
3502
5312
5870
9873
7228
9184
9351
5002
8752
2571
7538
5251
9660
9665
2269
1179
6827
9097
210
272
3272
2695
8100
4766
770
5268
2640
4361
1787
9697
7898
5871
7169
5076
6029
5085
3478
3320
2665
5106
9237
9964
6361
3235
4081
561
4485
8477
9280
6914
1938
1663
8972
2683
9617
4432
5362
8246
8895
8648
9433
9368
3698
8077
2298
3661
7588
9538
6693
4978
7399
664
4351
4034
254
8824
1492
8962
5998
7163
515
345
8319
840
5821
9612
9868
8812
1612
3791
6303
2909
1861
3784
5328
3487
6973
7455
3665
7435
4963
1759
3118
5967
8712
4830
6306
6135
3327
2225
569
331
4443
7030
2542
4985
2759
7024
2803
7570
330
2950
7675
743
994
1524
3019
171
2709
2941
9450
6961
9194
8243
6871
2735
1178
6753
5628
9664
7222
7685
1250
4875
1960
7589
9199
2138
4207
6472
1035
556
2590
4342
1546
977
9489
1700
4548
3094
9871
8284
4637
1260
8435
7186
2181
5264
4417
9832
4188
600
4078
3516
6772
6577
287
8115
7453
6494
1614
1121
1849
7523
1870
7315
3959
6621
710
1116
2048
6963
5367
3081
9895
8143
9877
5192
3333
7459
6838
4579
4060
3086
1574
372
4423
6756
5626
4086
1279
4252
7814
4989
2061
9092
9737
2774
915
2327
2612
5257
6846
9852
5744
5355
4580
1689
4968
1039
5970
9019
1656
2202
8509
340
1575
3052
3650
6408
2776
9778
742
9677
9544
7778
4551
5191
3120
3035
6245
5746
856
9463
9667
4686
1680
7933
4344
7099
7130
5508
7340
653
3522
6696
470
4347
316
960
8137
6416
3144
9773
721
839
594
6222
3735
1235
5816
2915
2093
6819
8727
6342
2009
8209
4599
8066
4415
5253
1835
7840
6566
9017
5227
6331
2753
3246
8639
862
8074
8524
500
5057
3434
2862
9120
5482
8597
9380
9943
7659
2158
1096
9704
727
4179
1501
3253
815
8096
5589
6320
5729
8903
7988
9212
7219
2854
8718
7770
6711
750
1695
252
7861
8559
9611
3506
2416
3295
5832
723
2497
7300
8427
1554
2245
4082
3919
4311
422
4204
7636
1404
8927
8262
5459
1165
6166
5936
8443
7830
9271
3384
3211
1896
107
125
4054
615
445
3761
2997
5263
6656
6380
571
7574
9592
2715
403
3910
2773
3781
3752
7637
7088
510
8226
2734
3873
8463
5923
1317
4456
9622
9198
8797
6388
4706
7762
2402
5091
8783
5859
22
7104
8180
7046
8113
8131
188
7522
9672
8568
2607
9304
7388
6817
9791
1847
8721
4934
8784
9062
2611
1286
6031
4531
7965
8298
9038
3495
4826
2087
5763
4553
2815
6529
418
3046
5525
8605
1001
9893
1626
4832
6765
9154
5114
771
8907
1365
9293
2572
5962
1715
8793
6340
46
2325
1694
3887
3695
5243
803
8926
2800
3696
1415
6719
9224
9454
7783
3394
995
9180
6302
9919
1130
7495
5518
5476
7074
6090
3342
5284
6275
3204
7926
6992
4966
8321
1031
2649
8970
5824
6533
6113
3948
7569
3553
5037
9477
6154
5035
2371
1115
9148
4899
3697
2281
1299
5042
5013
7884
4320
3433
2978
5549
8714
7427
8911
9066
5410
5436
1068
3546
7311
19
5501
6283
1977
599
31
2265
5252
194
2309
956
6768
3173
2490
6754
7566
2888
5380
2554
9482
4067
1766
4127
2535
5236
465
4238
825
8719
2381
205
1746
6567
18
3108
6280
1913
586
9337
6599
2716
5319
9146
2766
8584
3574
7991
5591
3673
818
3547
6908
7971
4362
4213
8384
7479
4469
7081
3998
8598
8863
9472
2827
8720
476
4786
7939
7519
2789
5838
3616
1624
4296
4970
8264
5752
7779
8901
5272
196
8876
861
6444
9709
3058
5738
5873
1414
2930
8815
1950
7221
2046
9570
7753
1223
1556
9270
8750
4958
2207
2585
9569
489
8535
9004
3706
4270
8789
4266
7133
4036
1110
6184
9966
1396
2480
7871
6588
9615
3
7854
6931
3233
6877
371
3217
5271
639
3737
5502
3237
4495
6620
5195
8438
863
2043
7369
6038
311
4388
2426
1885
4184
4247
5144
6060
8162
3684
7159
4281
8155
3062
1435
2864
6341
5655
3125
3212
2206
7214
499
6084
4550
4227
1866
5542
2070
3350
2343
9534
4790
1476
1390
9077
8431
2502
7821
8773
3586
5211
8990
542
5454
8728
2461
199
4708
4884
3611
6568
8300
8844
5629
1735
3135
4236
3222
6563
8294
6003
1275
4979
7161
4018
6276
411
258
9394
8460
9429
3255
5608
9006
3107
9272
1510
1646
9991
9102
3405
2573
7670
8710
4092
401
2326
3227
4325
3011
7403
96
3820
1211
3536
2428
3022
3668
7199
2675
7249
9140
9690
2200
5230
654
4578
4265
5522
6409
2254
4389
5041
5237
6875
2356
1819
3925
3856
8457
4787
4535
6178
7586
6709
38
2718
4185
4721
6952
4455
5683
6403
5555
5010
9257
2433
6570
7053
5597
5354
1488
3171
8363
4731
2027
6035
4742
1688
5736
3710
6942
5751
8526
7116
8897
7115
9042
5036
1958
543
2783
4197
4277
785
1653
4904
277
3314
1534
1990
1301
2924
8567
9255
9158
821
8965
5679
5148
5116
2276
8878
4570
5783
2293
9076
3328
4374
3977
3602
3666
2135
1824
783
477
8534
414
2058
7849
8191
8092
5748
2262
3442
6348
41
5669
806
2306
795
1855
3718
6605
3886
7510
3232
4128
8041
8515
3537
4502
3655
7634
494
2799
1912
7655
2115
227
7087
697
2331
5282
9261
6309
4404
9266
7283
1693
2871
9229
8287
9078
1493
8306
9197
2657
5108
4208
1375
5747
280
9547
3757
3824
722
4474
5635
440
7791
3021
6239
8695
3038
6322
4062
6979
4769
8461
3131
3088
517
5557
5262
1560
5696
624
8951
4490
8932
3020
2150
1857
9688
1967
4271
8818
9143
8708
54
1799
5989
6177
8974
2730
6215
1750
2751
6801
8656
6917
6323
9486
7480
1249
5874
9298
399
8210
350
9546
964
8169
6307
86
4523
285
2891
5125
3953
3744
1597
2385
7079
4130
1550
2062
2130
8125
6900
4762
1052
2589
8381
1459
428
6062
7010
8429
2137
7642
6002
5044
7850
3392
4514
555
7263
4758
3311
161
7050
7345
6953
1773
7021
6876
3409
7545
5506
4843
4931
4056
2689
8035
3309
8093
7415
3557
6648
8920
2943
1743
8737
3854
9300
362
8479
9067
5919
999
2361
7611
7158
9797
1971
6499
6898
2599
8939
4818
1744
2449
496
4454
2732
3490
1647
5276
65
2412
8849
7185
7086
1212
6364
3009
9894
498
8067
1919
9189
8260
9288
4183
169
8763
2688
2850
4255
4001
6428
6442
2112
6137
9597
1502
6925
5712
7874
6735
2569
5548
607
4198
9150
2060
8082
4155
847
3115
3657
8485
2235
3866
1287
8136
4091
1576
8610
1563
5131
7873
3240
3423
158
9774
8918
9471
1124
7132
3346
8336
1652
7626
9623
5926
1507
5512
8654
6262
1386
7672
4861
2956
5360
5302
7931
5678
5261
9643
175
8353
1817
5949
9226
2903
8588
3512
3360
497
9701
6467
9808
2211
5847
4021
8552
5345
6150
8171
891
4248
4382
2859
4592
1241
7815
8502
5368
6285
7325
7407
6989
4732
4607
9848
1291
2579
8043
1339
9798
2556
9937
2593
8090
2492
950
7605
8436
7282
473
7278
4575
1838
5634
6464
9356
6635
8768
4002
2835
2936
567
6243
4331
1935
3883
6504
4337
1189
7755
2527
9607
376
1265
1020
8345
709
7418
9243
8378
5376
871
5941
8211
3286
7416
9669
159
5323
9254
2120
1461
5887
5539
5898
5453
232
611
6167
4375
1650
7765
9771
8602
9849
5769
4354
6815
1830
121
8152
4645
1682
4530
8083
2237
7892
354
5099
9069
1934
7817
4076
5867
3271
8312
6907
9323
8224
6097
2020
7466
5186
5969
1533
728
5058
523
7444
8587
4647
5373
629
2391
6274
7162
5695
2143
1765
876
7140
7336
9286
3323
7292
5618
4557
2976
3368
5907
1465
9334
9720
2392775035.83389
