2552
7766
9892
4882
3629
8699
6008
7534
1258
971
596
843
3451
4030
1127
2154
7073
9586
4710
7885
4812
2641
5982
628
7147
8793
2383
8223
1809
4400
3283
8475
6672
3436
3001
8988
3419
146
9992
9055
6835
4060
987
5674
9048
5491
775
3221
507
6071
8841
4542
6499
483
6924
9338
5533
4986
4537
8758
6810
5588
6832
1875
2386
761
7402
5531
5095
2946
7621
9464
6405
5273
419
1408
2304
8719
9694
1587
7979
7867
9008
8451
5344
1514
5625
5190
4777
2126
5390
2263
1548
5794
1942
4756
9089
8296
296
6898
7152
3889
7369
4693
1333
8593
6541
9427
4722
467
2490
8172
7735
8221
652
8419
8358
5564
575
8114
4810
9819
7613
3959
3584
578
8887
5987
2630
3
9446
303
4909
6126
1093
1328
7125
2271
3041
6471
5389
295
5555
1982
8022
6586
4613
3320
3811
6567
1516
2951
944
7502
3935
2446
9596
6021
9367
5799
1125
3486
1820
1606
3411
4229
4690
8979
1626
9724
1229
223
4746
2121
2579
2025
3003
1845
2572
2214
5549
5646
3207
4041
2566
8147
1874
872
9404
820
273
9619
3229
1202
6842
4346
8281
3153
9468
5377
1386
5724
1427
8455
2216
3849
2229
8403
7349
9433
4111
2161
4337
4887
135
9492
8854
5837
9115
6178
4029
264
8197
9555
748
8942
5705
9260
2811
9788
8922
2541
2372
5283
8376
8741
35
3321
9119
2854
6806
3515
8381
2522
4050
3573
7556
9704
8441
806
1417
8549
4177
3118
5574
815
4313
6287
3832
5156
1681
1181
3145
3609
2128
990
3615
1225
5763
4193
5563
9938
3640
818
1600
9893
7333
9902
2247
5886
8088
1679
3188
2969
4925
7900
8629
4687
4515
5891
4696
3776
9378
1319
9214
996
2112
1913
9064
4273
3646
1557
6329
8458
8967
2959
9414
1267
3131
926
2738
6871
4849
3980
7167
5337
2408
9522
1025
3823
8375
7570
2174
9027
6304
3972
2238
1758
1105
2970
6807
3275
6692
1673
2565
1849
819
5774
3899
1796
4795
5777
5281
8501
9578
5635
7604
6023
6919
1310
5772
25
6839
1021
4387
4084
2115
3588
3737
7422
5867
7447
8730
4252
2923
376
2856
1341
1321
7936
8582
4904
7677
5247
9635
9036
9926
851
2714
506
9879
2317
7254
1481
4306
9794
3202
6181
8444
7598
2031
2139
2544
1043
7434
2655
1867
3488
2819
1005
470
7642
3681
4794
3385
6313
8576
7614
7753
9080
3086
8523
3094
2911
4866
9878
8450
4130
2809
231
8028
2256
2626
2012
2392
792
7335
7066
2682
7712
7149
1717
3237
994
8199
6710
6638
710
8879
4000
7761
6953
2018
9564
1368
7701
7504
334
9733
9997
8898
4005
79
7120
8703
5133
5753
4662
1582
8400
7054
6305
3487
435
1406
17
5496
801
2447
6670
8766
3438
6982
2769
3962
5964
1748
8528
4054
5709
2391
3038
6456
5596
7542
3891
3432
7705
8750
1109
2724
5465
8064
3334
3020
8047
2615
1897
2834
7485
4757
1790
610
1879
8900
1998
8015
4541
6042
46
7474
4704
5767
6899
5020
6681
144
5981
8581
1788
705
911
4170
7249
2782
4075
7493
480
8371
2169
6066
7541
750
8056
7089
6880
953
3330
6222
110
5083
8431
8829
3446
7143
7419
2152
1111
7970
2956
3932
9805
4362
6441
4071
9830
7356
5329
1447
9835
2608
3931
3789
8348
1641
6212
3665
2569
1635
5262
4294
2363
5547
4689
4668
5294
5018
1848
4459
415
3939
6488
5626
6104
4994
2429
3779
4173
8955
3126
4348
3433
7471
4828
4471
9172
4982
3949
6540
7715
8563
875
5682
5463
2057
1652
7318
6751
9040
4551
3358
3830
1863
2324
4451
7982
7921
8100
8457
8328
2313
9244
5386
8080
2623
9510
1991
7692
8892
6318
1678
36
5421
6859
6322
9437
5376
8912
5049
6204
1529
5330
214
3241
5312
7814
7622
2134
2640
289
5636
3940
2371
5852
6604
2157
6010
8385
8722
8432
9343
9843
5611
5739
8083
9877
6676
2770
9167
9419
6388
3913
2914
1782
464
718
7142
4350
3191
4131
9631
8314
6506
3651
8467
8372
4712
5679
2669
4892
5276
591
5051
958
3689
4809
9538
3686
3460
7229
6866
8886
8918
5768
9561
7321
5620
590
2827
7450
6991
630
1038
6173
4046
1685
3029
6685
109
1940
9204
6922
6306
7960
9543
959
3873
6380
2786
2979
6253
3775
3475
5023
9904
6739
9861
5099
1076
6833
9760
241
7486
8074
8263
240
5628
8338
533
4431
9220
3379
1700
9637
1454
7185
8366
9743
5042
400
1911
9872
1089
6096
760
7774
2754
9945
5090
4879
1494
6975
3132
3882
2412
5004
8244
8571
3927
7291
8696
3019
5232
2789
3267
8204
6273
9884
2574
1461
1936
1465
2333
3761
3347
8143
7094
5537
292
4665
2215
1072
2542
7481
4080
4707
3462
7385
8402
2673
4767
1500
4918
864
7209
2881
5006
5167
9589
4595
5824
7443
7992
9101
31
7210
9791
4915
504
306
3649
8140
2662
6822
2668
8522
9483
7997
5957
7092
4179
5154
3808
9624
865
5413
5326
2695
5034
71
131
3108
5932
4351
8645
6164
8568
8436
3542
9359
9482
3297
1531
5795
5374
2060
2632
5385
7338
1026
1294
6025
823
2127
669
3331
4293
7350
9469
9511
3618
84
7510
3684
5653
9818
1100
2230
3034
7267
7954
3148
1218
4671
6094
7377
1753
8491
6581
9524
5650
5700
4115
475
4744
8237
3154
2192
6932
7576
1013
8618
9335
8997
9002
3194
4389
7536
9737
60
9075
5550
4347
8998
8532
5468
9149
7049
2853
5450
6512
5041
5913
5025
1256
2821
2345
248
8533
4664
4813
9705
1646
2170
6449
7408
2059
3344
52
1369
7323
5078
929
955
4894
752
8228
1610
276
8919
5791
7013
9919
701
687
3105
7617
7820
4911
8610
1420
8832
9785
5919
4543
1696
4417
1157
5471
299
7553
7496
6282
1313
6169
1332
8414
7425
377
6009
3970
9836
3064
4978
1041
256
2843
365
4199
1226
439
6473
6538
6133
2319
1609
7898
7099
4752
6987
2078
3406
6272
118
4981
3316
9136
5127
5474
2496
8765
1650
4941
6694
6598
1133
6088
4885
8116
8063
8728
4421
1771
2551
6274
8839
6225
9455
1117
1272
3042
1617
8355
1051
2555
451
2712
2573
697
7466
9634
5816
2766
2628
7201
7383
9771
8180
166
1787
2043
8649
7397
605
1621
5910
2239
6641
443
1602
6431
7590
321
3147
4645
474
616
4217
5296
7823
6309
9865
5240
3159
8679
7854
1266
9206
1904
6579
7768
632
7316
2009
4249
1976
5407
9857
2325
1158
2918
5065
1188
759
6552
9786
4934
8220
1012
1674
3360
6648
4861
1345
1101
4265
4505
4571
345
9889
9824
6649
2100
142
2314
8040
322
9264
9703
9248
5654
8516
6028
4855
5088
4040
6252
1607
2718
4068
2697
2425
4638
4663
2676
1734
2557
1172
9829
5926
9005
3707
1233
4478
3030
3135
6144
2326
8860
8404
6591
6160
8377
2561
1841
9157
3545
3727
8420
8794
64
5246
293
8595
8520
3120
8311
1149
5680
5418
6850
3295
4625
5947
904
1745
1421
1466
210
2206
9723
7008
9649
5031
4597
8614
6161
2663
7714
3409
1097
4614
8193
6923
7110
2957
6241
5373
7595
28
9191
4850
7081
8229
7873
625
1645
6411
546
5512
4159
8652
8876
4385
9847
3375
5691
8515
1775
692
7699
9574
7896
5464
208
9732
1868
4376
2099
8891
2311
0
2924
8346
8465
5426
7764
9533
8945
2614
56
4388
1091
6853
4178
7629
115
8131
1251
569
5945
873
5339
8940
9806
7062
3303
1263
3352
9685
8543
4302
5644
9103
2416
3341
4502
324
7533
9218
3281
1672
4999
7721
7694
1648
425
6213
4393
7458
9772
8021
8399
4250
8545
4191
2142
5959
4930
1528
805
9060
6585
3806
7999
7288
5360
2037
430
4468
8519
6190
1411
37
4898
6106
27
4037
8930
6545
3611
6994
320
2517
9181
3834
1513
1945
7224
30
6635
4673
6583
8574
2320
4932
3565
8964
7517
4660
8495
6448
6950
7368
3458
587
7669
7772
3534
7275
8162
9668
267
6051
7129
1658
5349
973
7296
4416
7500
244
7483
8521
770
6908
4801
8554
1377
1881
8787
6074
431
2603
4380
7855
9096
6909
1603
2203
7625
4920
1747
8689
8485
7776
5988
413
9942
4818
6570
9429
1346
5089
3780
5069
2983
168
6425
1899
562
1223
9267
4624
9530
3702
5899
4284
3236
2194
1445
8755
8667
1367
7354
8625
3875
3012
5075
9259
8273
1891
3378
6002
4051
3857
8916
2162
9158
4765
744
906
9070
1781
817
1608
5498
8174
2563
3851
7720
5887
4204
4703
6403
8993
348
5188
2244
8413
5972
950
7399
9400
4176
1668
8461
6227
5997
4443
3052
4358
5282
6264
7796
8054
2335
4836
5131
3459
9639
4830
3750
357
4567
1916
4449
9984
5299
9325
6799
5726
1865
5458
6155
3541
7838
2264
8134
2236
7830
3269
6061
1955
7806
5187
8769
6965
9643
7730
7977
8292
8970
3567
3467
7227
3936
686
6030
3090
7221
7946
2528
8714
3280
1055
3513
8459
9817
3812
6464
6563
9497
9476
7915
3391
1277
6500
2224
1735
5149
896
5052
2173
2124
2107
5609
9056
6296
6158
2686
3966
2607
8439
2604
2331
9299
2870
4870
4837
7405
6451
3328
8373
5367
9964
7435
9440
1873
9126
5846
1889
454
1888
5853
1736
4691
2511
5843
1828
1859
9162
4877
7759
7116
5086
6633
4539
4924
7879
5398
4014
9528
3879
318
7055
6342
7260
5061
7742
1335
754
4257
2047
9959
8487
4576
1132
7974
3420
3398
4604
3590
2318
7884
4
6656
5581
9022
1338
3946
1622
4276
116
5457
548
5172
92
7121
4635
6620
5528
9100
6780
4726
3117
7661
5279
7257
500
7707
2587
1137
6946
1727
4136
356
9874
4917
7657
6478
4096
3674
2054
8869
592
5141
711
8216
4475
2118
2454
1323
712
4076
1379
2824
4838
4851
6052
7932
5621
4492
5081
2549
7988
9409
2032
8632
571
2409
5602
7963
6562
4118
1886
5397
1923
7430
4221
6705
3973
3296
1393
4517
9826
7390
2021
2984
7698
298
8463
746
8612
2407
7803
4145
4833
6838
5275
2355
3804
9809
6422
8785
5903
4846
5179
637
5502
5782
78
7279
7178
6231
294
1864
6624
4701
9207
643
9418
137
3024
1311
8747
6494
6869
5483
2814
8665
342
5446
6289
1505
4102
622
7511
4716
219
6059
1009
7624
1770
9288
6851
8805
949
5428
9650
4422
9813
2791
9240
7824
3524
8274
9474
7240
4277
6421
4474
9379
8336
912
2633
9917
3570
1152
822
1382
6977
7166
4742
239
3246
6547
471
6271
2228
4984
7292
8935
5028
9923
9719
3102
4589
5742
8969
1631
1069
1203
2245
2243
4220
4150
9796
4555
7246
2527
8949
9357
9841
6250
4271
3103
3416
9466
3726
6707
9129
339
3175
5619
3101
2529
1830
189
9717
2908
6846
134
1544
6095
5661
215
2962
8685
4700
7686
5401
8317
8957
6900
3113
5213
5306
87
2861
7726
2597
3217
6972
5116
7733
7039
8294
3209
5642
393
3930
1990
2308
9617
8597
2536
113
6803
5835
489
7632
7794
7432
196
43
2135
6275
3431
6288
8222
3929
6265
3888
954
9897
8169
5665
6719
6430
8556
2217
11
9828
9372
9988
6230
1943
8704
2990
8603
2225
6124
378
2973
7737
5104
3582
3903
8636
9488
9098
2359
5776
9667
7923
2310
6769
206
316
6555
9757
5840
7180
9190
4227
8640
9251
3043
2040
4896
6733
7580
2941
8962
1060
4937
1733
520
4652
5881
2904
364
9444
2897
7549
6523
8235
2294
5444
3898
9086
7071
8390
2521
8469
1992
5269
8781
3299
174
2497
5600
2284
4717
983
139
6359
7394
8885
1857
2113
8907
3837
6883
3543
7122
8497
6353
1407
8187
2758
3465
6477
836
4525
8565
6263
9981
4626
6162
7862
9308
9341
9301
6749
5892
7717
5307
4847
2817
23
9618
9855
3179
8579
6215
6364
495
1851
1912
6741
4304
8302
5702
1967
8754
5354
9592
1493
3988
5417
2184
7438
8251
3773
5189
8873
2982
1636
402
986
5258
4653
3213
281
4788
7217
3866
695
8666
1164
2023
2378
4019
613
5375
7361
9980
3547
5729
4913
7827
3233
7513
4523
8464
7520
4602
6146
1432
4940
9811
537
9477
9319
5640
2683
1692
574
962
8048
1537
3289
233
1221
1764
1219
3114
5422
5863
2248
5359
1882
2800
2213
2589
9371
3799
2275
5412
6387
7744
4677
4552
2503
3633
3715
7545
6525
6786
5460
5818
409
1661
7610
6167
2500
9999
6187
5368
238
9645
9975
3314
6518
5352
1497
272
5755
9109
5557
5884
874
4641
1364
8627
5810
9412
148
3294
1934
3060
5288
2510
9677
4778
9192
8764
5298
9629
7594
7344
7919
8757
1396
336
7993
2431
7216
4454
8029
7324
6913
4522
794
8493
1545
7336
7564
4095
7709
4481
3308
5561
4903
3862
7085
743
3313
2332
3854
4321
1872
1556
6115
767
1917
6340
2823
3140
62
640
6439
3797
4774
5164
2968
6910
4933
4702
9295
9322
2874
6942
9087
3503
9535
7812
9800
6138
8269
3129
1439
4297
9525
6578
346
5647
8005
8350
7499
3914
9283
9465
1291
8067
5202
6261
6792
6589
8137
5021
5024
5123
6156
7583
8304
2398
6968
2281
3081
6524
2658
125
2922
5713
4275
5520
9178
6821
9886
8241
2971
4939
4057
6166
7833
1974
5859
5710
6532
7169
4854
4237
3529
6934
9572
7307
4534
814
3631
3477
3733
3869
2661
6362
9672
8448
1200
2717
4629
1949
1950
4684
7718
6134
477
3954
7222
1150
3028
3536
381
7850
995
3507
3055
5263
6217
1123
6398
8530
3933
3155
8901
5800
6331
3963
1029
4995
3855
8453
4334
5554
2475
4156
9605
1472
1318
3026
9454
5016
1827
9285
5838
1651
5074
8297
8897
6928
7019
6743
1285
4399
9968
6216
1193
8053
3991
6945
7539
9606
6840
1719
4281
6127
1242
9475
8816
4414
34
2986
1965
3059
2887
8288
9738
3472
86
1878
9876
6239
9252
7198
8316
2581
4324
8124
4856
5416
1336
8290
7585
1
5319
845
1268
8253
6827
576
6651
5223
5878
5451
9961
914
9084
8503
2066
9825
8711
1498
7442
4974
7067
1040
6655
1932
7126
6998
8230
9546
1677
1754
9513
3956
2991
9673
3816
5666
6495
9954
5607
9735
181
2114
444
8109
428
2600
7903
1326
2437
5134
5
539
9356
7897
8110
6566
9120
6819
9399
9360
4125
8388
8578
6202
5806
4248
9349
604
6284
3897
5879
5842
9265
6159
9137
2424
7252
4124
3687
2395
557
7465
6616
3703
1813
3343
8175
1340
216
4631
6121
9153
9545
8720
5346
7182
1170
5087
1506
8737
7671
5448
6119
517
9776
5616
6688
9570
5714
8260
3642
7478
5567
3900
4216
734
9154
4530
5593
6890
8125
2688
211
1615
9508
4630
3955
8642
1235
7183
4633
5907
5545
9993
675
830
128
8038
3305
6939
8903
6091
7995
5501
8934
7118
7007
1706
6176
8734
9369
1570
5163
9238
785
9693
6078
9838
7684
5001
8341
9638
9313
65
4528
5675
8774
5019
9173
8526
4091
1270
7910
7136
5365
6888
8411
3910
4583
5667
6044
1168
6755
5109
2384
4462
2270
2708
6183
6374
5014
1869
9507
862
7804
7966
351
7795
1231
7475
6070
2520
2715
7228
4008
8113
2787
3384
1384
1129
9682
4472
7117
4325
7719
7608
6836
1329
123
7487
9718
1553
9780
460
7994
3989
1317
6229
3624
5850
8052
6520
530
2494
2852
1295
881
5369
572
2369
1010
4167
6086
5209
5395
6539
6286
6084
5234
6228
9377
1016
7667
3801
3535
8663
4529
3216
4907
6240
4586
6568
6270
9139
2403
691
9237
7069
4066
5244
6418
8990
7763
9231
2450
4332
9697
3895
523
7863
6268
6035
2276
4811
1426
9147
6619
4062
2885
8895
4371
4754
4997
5671
7732
1081
7389
6874
6960
2935
6575
8917
8183
2149
679
3399
1166
5781
7294
8108
8953
2779
3282
1832
1047
970
3150
4908
4482
4381
1138
7888
917
3015
7334
7509
3861
7868
9011
6395
8154
4435
2867
6764
9316
9387
8913
8527
1538
8950
1052
3290
6795
2950
6302
739
3006
5017
3386
8252
6428
5093
858
3380
7347
39
6001
1434
6782
2455
4311
5566
3658
7278
4072
8651
9001
579
6103
9929
5918
6330
5900
2067
8561
2535
5152
3505
8827
2172
6022
9996
9364
8509
353
19
8810
1348
4020
8772
6475
4499
6576
4149
4444
8410
580
7913
12
4139
7026
41
8712
9092
9504
4642
2992
3061
7159
7157
2767
9495
5847
729
6238
9254
2719
6663
4162
5351
4360
7665
6077
4342
3484
1473
2290
9924
9566
7404
6805
3307
8965
784
1373
487
3721
49
2583
9903
2989
9041
2590
2952
919
8430
5534
5274
9517
3065
6294
4632
77
9030
1524
1033
1905
3994
1908
4058
7130
991
7871
7748
22
5012
1139
1769
3902
6597
2721
9053
9289
4910
1209
696
5120
3562
3754
5249
934
9196
4154
9305
9978
3774
3266
230
9450
150
6647
2002
4021
4538
7976
648
33
7477
5137
2940
9549
1092
3215
176
665
2902
6447
715
9422
7926
8807
2691
1944
5442
8456
6627
2659
145
9653
7901
5372
1554
3339
3829
964
511
9079
1347
8622
5604
8044
102
3045
8062
7411
9334
6935
7876
359
18
7918
7262
5937
5119
4187
1443
9042
726
1915
4064
1739
6697
5196
2374
7723
9741
5302
9293
3734
7188
7241
8608
4361
3698
8984
6894
6356
4390
8421
8303
5525
5862
9946
391
8883
32
939
8639
9033
8060
382
4718
6816
2486
8555
5779
8804
4780
1708
3637
4573
5839
3345
9520
311
288
6847
5100
8809
7037
2895
7133
7702
8002
1115
9956
6721
7498
1637
4824
8089
6135
9208
635
7258
8928
597
5184
5350
5597
3235
8066
2411
1252
9614
6738
9712
184
6636
8272
7353
261
8981
8676
6354
9460
2414
4402
2006
2967
4558
1574
984
935
2049
8634
6811
6660
3091
2872
8937
9323
4301
5309
2351
6936
7648
4601
676
1519
8783
1862
3983
7030
3011
6775
2985
3464
3199
9713
4017
4591
6419
1866
5479
2158
3736
221
1843
2029
4738
9752
7847
8236
1561
1190
4871
8156
3557
5529
5039
8881
9484
8386
7870
2489
6437
6723
2509
4764
2844
232
4998
3769
9663
8626
7308
6548
5032
4636
2306
8075
9895
7819
4686
5057
9611
9304
3720
1078
5798
7924
9651
2468
6414
2540
3097
2677
3831
2849
1720
3262
1535
9951
689
9515
7156
3998
124
3151
9127
8677
9095
9392
8357
5849
1234
3478
8694
3544
4627
3950
786
4452
1821
4734
7021
9268
620
501
3798
7592
2894
7219
1627
9584
4893
8921
9148
3593
4200
1155
2260
7579
5125
2020
4129
2836
6757
8016
2725
3695
2546
2293
8258
4791
6412
4103
3564
4231
398
2812
6352
3732
6032
3730
1662
9430
466
838
4004
6498
5963
8141
502
6434
4863
802
4114
1804
7401
4741
6257
5393
7234
2144
1597
7852
7127
7245
7440
9766
152
9395
7716
3693
3782
7014
3481
9927
4036
7612
7832
1248
4800
3444
5652
4188
8538
545
1351
1211
5513
8492
202
3263
1819
2981
3818
5966
1860
6055
6892
5901
5585
3601
5517
2354
9037
1381
6766
2625
7971
7018
8505
9594
922
4181
3538
4834
3122
9573
4603
3793
9453
5449
1920
5383
5488
7242
3119
3987
9864
9447
4580
3306
522
9662
2246
2010
9499
1073
4164
9748
8238
3664
9187
2964
915
6980
577
1766
2757
6210
1412
7412
7558
5827
9600
2562
3018
9024
7894
9472
1474
5562
5811
3735
1376
8746
8812
7040
790
396
7909
646
7834
7418
3008
9691
9007
8590
8293
9320
3079
1644
5856
4430
3847
1501
5586
5669
4009
9234
5670
4793
2648
91
1480
9279
2434
2654
6941
5831
6285
3885
8896
8033
5754
379
7420
1249
8715
6505
2365
3435
7109
6036
3805
2531
2200
1271
5971
1613
8749
7986
6143
6981
5382
837
9590
3764
7170
337
6377
4319
1614
6588
2635
5353
2980
5898
5278
2706
3254
8630
8176
1903
867
7212
1675
6595
265
2460
4209
542
4951
6860
7196
8996
6376
4409
795
4053
2744
2133
8173
7158
433
3025
4827
5778
508
4759
4445
638
7426
3846
2784
54
977
4807
1361
2974
2622
982
5495
5893
6856
2160
228
968
3346
6861
6618
2890
9558
8859
608
7601
6921
3700
4406
3365
6526
6093
1499
6914
5576
5572
3490
1981
3232
9509
9687
2399
2734
8416
7750
6260
2143
5953
4587
2402
2084
1171
9076
6338
8606
282
1508
1536
2796
2802
190
9093
3623
268
5934
2329
5227
6064
9839
9556
434
609
8619
9032
7476
1842
8032
796
1134
8160
9479
97
9516
4568
9750
302
2799
7551
3482
6742
2995
7811
2703
9249
3755
6957
4725
2629
3953
5110
1824
270
945
8502
463
2866
6550
623
2226
6224
3748
2164
997
3078
8535
3795
3645
617
6872
7320
129
7272
1504
2064
7523
1780
245
4259
7299
6390
7287
5322
9869
5701
1281
9768
5185
5797
7325
8975
651
2568
1074
175
4735
9696
2473
4579
461
2816
5364
2996
2352
6772
8488
492
8284
8560
7041
3373
897
5736
1776
3751
156
9072
816
2534
3291
7171
7724
9575
861
1518
6637
5388
8974
9661
4683
7326
4309
5904
7068
1483
6310
1818
5930
4326
2166
2316
3430
8513
992
9868
5408
4262
2265
2988
4540
4841
5199
7835
779
2846
81
1302
7920
5687
2513
3376
7105
3210
8254
3788
5889
3069
4864
871
1585
3756
4900
6564
2915
3599
5406
1027
3410
2368
825
9290
5507
9588
3731
6099
5140
3268
8349
3893
3604
1887
5181
6233
3890
2966
1971
4424
5704
2875
5994
4464
6321
6852
6243
9881
5733
9401
6632
340
4157
8480
5750
5250
9183
9108
1459
5378
1756
5218
4343
3371
1224
4553
7877
3493
4646
5443
4049
7572
7935
1030
6317
7415
1099
1543
5532
4286
9407
6529
5924
3701
6601
2393
242
4872
6385
5180
1165
733
9014
2146
7340
8086
6292
9140
2716
3139
5348
1589
3149
478
8347
3134
4007
3396
5870
7931
6698
4922
2373
4843
5103
9613
9579
7232
9262
9551
9659
9815
8710
3288
2571
9518
7619
7153
9950
8261
2336
993
2077
4461
4272
5096
1853
5976
5342
26
9559
2777
5226
2163
4865
8218
6611
449
5681
6544
7728
5548
4507
9090
5993
6472
924
1624
1789
7680
7124
1697
6813
6350
9051
6000
220
7752
9376
7048
453
2998
3073
3407
3796
2302
4247
2132
8899
1694
3696
8709
2019
7472
4680
2285
314
105
88
3722
7098
9779
2034
2444
8939
7647
9353
5206
5380
2892
8384
7831
3828
257
6112
3249
4218
5587
5721
9133
8573
3021
2367
503
8872
6612
2180
870
301
2178
7322
3423
2939
3032
5251
4814
768
8617
4572
7315
4606
7775
4714
8553
1699
682
99
3068
9314
2
849
7261
1620
7302
3084
8763
2291
1057
5361
8365
9006
304
8337
5182
3110
7488
8914
1309
9937
7626
5461
5430
6759
1286
9441
395
8803
3729
9047
736
159
9769
7276
2337
8653
3982
6246
7530
582
1973
8570
9201
4024
7593
7904
9282
5989
7179
1871
4480
2865
7841
7284
5656
5909
58
7584
8364
5684
5331
2653
4560
7086
1298
1065
7455
4447
8307
6674
5195
1389
788
2838
9503
5954
6312
9859
7200
4831
6907
981
9152
1284
1327
4844
8278
266
6336
3227
681
8607
9284
6209
5868
6696
3533
2119
6917
9398
1515
9867
2855
1006
9346
1467
1773
9163
5747
877
4736
9706
8600
516
4544
6873
9330
130
8132
677
6189
6200
7947
9875
6463
9142
1895
2089
7339
4189
485
1305
7952
7003
732
3993
3387
9866
614
5746
2267
5784
4612
1356
6771
1184
2944
1383
3500
3807
833
2502
9354
969
3340
889
8325
6829
4169
9355
894
9658
6279
2470
2053
5869
8396
8161
3124
4236
737
452
1380
4740
7165
3852
854
5197
8915
7427
4657
7751
2420
2657
9958
4172
7646
3948
1687
6235
5303
143
9050
4255
741
6087
9347
4750
4379
2920
2499
7654
7490
1163
5524
209
3304
8558
1140
5301
7263
9969
3256
3575
3496
8927
9821
8291
2591
8811
9062
2495
9165
2690
9654
5723
3415
6175
3822
4651
3077
9224
9256
9565
4338
5030
3449
3777
3350
5211
6101
3163
6226
3833
6188
3598
5170
7446
5941
2190
5876
3247
6561
920
7162
161
890
6389
7239
7532
8976
6079
6242
5744
8762
6132
4035
6744
6018
7883
269
5979
2550
3418
1488
5381
1722
7566
1838
8340
2868
494
4121
9580
4929
1659
534
4184
6673
7017
2751
1774
4047
5645
4485
9161
1611
6814
7082
957
4901
1604
2479
2643
2826
8155
9261
1549
7587
6557
6438
9851
4143
2176
3421
9019
1453
3425
3856
4086
9431
2660
9211
5940
8270
4094
5295
6303
4201
446
4235
7047
8225
107
5813
5079
8542
6211
1569
7251
9135
956
7163
6896
1929
3479
921
6761
2599
4582
8686
1222
6863
9122
8009
6467
6682
9850
4213
3044
5727
9077
3884
2218
8815
2268
3976
2965
2508
2586
5792
2439
2330
6047
1953
9403
6237
6165
5013
5583
1964
5214
6549
8025
5880
7743
3809
5690
6019
2740
2483
588
4869
9690
7360
2155
2646
1523
9039
4719
2288
6131
4848
7586
4858
9669
6118
7393
1276
2108
4296
813
9802
4950
9602
9159
2681
2945
538
6139
1004
7757
9655
6382
2022
7138
4106
4116
9415
3655
1484
9061
721
9184
5749
8692
329
154
6776
3259
1858
7214
8633
6046
1002
8508
947
8994
5121
4883
7223
1119
8246
5521
5599
8107
4935
9121
2889
3066
3679
3211
6952
8599
1102
7990
4434
8121
9671
4509
2794
5823
5986
1095
1283
8178
6404
9793
7508
9337
5010
866
7688
8724
6824
7615
3552
6053
9235
2504
6622
497
5551
1726
6831
277
4931
410
2356
9052
3539
9253
392
645
515
5366
8198
6446
5503
1502
7538
3284
9449
963
7491
5698
5712
4210
6823
3746
928
5237
2862
5905
4859
5888
960
4290
4513
9934
6678
1300
1634
7969
4969
903
2882
7080
2350
2742
3048
1740
5890
1496
3907
4278
6191
5239
8205
1018
4867
4721
6607
985
297
9463
549
4962
2199
8242
8577
3205
2896
1565
455
3206
3652
3878
9949
4403
1601
8544
1559
8820
5606
1130
755
9012
7195
2168
9989
1507
2947
5007
8534
5484
4303
7431
9567
4299
1752
2272
5038
2220
2353
3085
253
2322
8518
8759
438
9150
6013
5845
1175
1088
9467
2526
713
3173
998
4655
3141
3397
1926
7494
5071
9417
1618
6508
4634
8233
7878
1487
4667
8181
8331
4588
8767
1463
7899
2645
7190
2955
3156
6334
7843
5452
3491
4123
9063
829
4011
6999
5951
8138
4784
4751
2577
162
5908
9491
5804
7391
7203
7056
6992
1007
1785
2878
3389
8647
4466
6327
552
7452
655
8733
3870
5629
3502
3450
4888
94
6559
6701
9664
663
9539
6142
9952
7544
4436
151
9742
7473
1154
3778
9307
3863
8440
8954
1290
1707
810
8837
6870
3704
226
6469
8500
9321
9365
3596
1098
2612
8875
6993
111
2210
6988
9725
4916
8888
8136
3587
2257
9708
1957
5783
3825
510
7460
7851
9203
3656
4432
9067
1803
5830
7640
5915
7132
5809
5668
7631
5969
164
1792
738
5715
3164
1334
6063
3919
1718
1086
5325
685
3667
8778
4713
7052
886
5978
2062
1413
1244
3743
1927
8409
1358
8789
3168
235
2456
8708
5317
7616
1762
3264
1287
6490
1966
8654
7015
4897
1690
3945
5617
6767
1279
4737
2790
6891
5875
6098
8201
4615
9145
3004
7319
5860
73
6236
5985
4266
5914
766
6868
1835
1435
331
2702
8845
6605
1763
1855
7599
6877
4840
9292
5176
4681
2530
8094
1179
2083
3261
2553
8631
8271
4099
1619
3636
8408
9597
3172
4873
6184
8773
4288
2752
4561
4709
9302
3166
5499
2698
4489
9445
9789
8130
8673
9928
7329
7423
2772
3326
7874
4745
8924
2670
8905
9628
5622
3682
5955
3821
717
404
7231
3302
9487
3473
532
8039
2780
2910
5882
1308
1471
4377
3714
9423
9043
1349
749
7061
2722
7470
3985
7409
7739
6712
1253
6249
5264
9699
5064
2027
7004
1968
6543
8588
9243
723
2440
6785
966
5472
7929
3540
2042
4616
4258
927
756
1343
3621
258
1994
5558
7194
1255
8790
3323
372
3635
3742
1106
7424
3492
9025
3626
7313
8661
5740
4274
8434
2750
6791
5343
4126
9587
9397
9421
8112
8866
3476
8171
8106
8382
561
9141
9085
2401
967
3614
1058
3523
8295
2994
9726
6491
8822
5844
7857
4921
8584
4946
8287
1452
2893
5735
9646
3620
6740
1947
2488
563
6703
8265
7652
8177
414
9647
3327
7220
8738
7760
7968
8332
4034
9373
9736
7063
4488
6889
5553
9426
6802
9459
5341
1070
6881
6902
6995
7930
9381
9698
7773
1532
4027
6731
7895
6012
8247
2700
885
2249
1446
2810
300
1639
4533
7215
6375
2104
1489
9753
4230
933
9526
2595
4607
2287
8035
315
1160
1517
7155
3957
6433
8018
2058
9722
3412
9665
5825
1339
3390
89
593
1724
9066
6903
6048
972
9348
5974
5579
1579
401
2926
9640
3240
2147
6679
8243
7131
2839
1392
120
4314
3382
1954
1395
883
7244
4786
9110
8862
5439
8206
1814
187
3301
9652
540
1303
1961
7378
8707
2328
6081
4012
4955
9948
2937
8041
8061
7856
5638
2912
2514
4386
3786
5114
2305
2705
6140
2788
4206
4128
3309
6753
6652
603
6580
570
9009
103
2634
2948
2711
1241
5975
4163
5047
4979
4320
1701
5573
1436
4569
974
3694
2730
3182
8727
8276
6386
3413
192
901
5944
2167
5387
6865
688
1542
4242
9795
9272
6825
309
9083
6773
7973
2045
9660
7645
6487
1371
441
5952
2888
4359
8646
560
8670
8760
5066
3923
442
5094
72
6020
3986
8266
5305
5658
3319
8583
5168
3546
9974
8120
8339
747
9858
7785
5193
9281
4578
3468
6750
4562
171
6219
3571
9947
5766
6513
6930
740
547
6429
6746
1062
4224
9324
2781
5803
2720
3109
880
979
2707
7535
5236
1716
7436
9389
1676
6502
848
2000
8004
9406
4052
7177
5245
9099
9754
2704
8042
6893
602
1195
3690
2423
6693
5009
1423
2375
4512
2776
3699
5942
948
7027
6470
3589
4889
4919
8345
4056
607
673
5271
6737
8960
1385
2481
4392
9358
693
2733
5761
664
1068
7828
4954
3324
7778
9193
5819
5543
8511
338
484
7762
4151
9657
1120
9310
2394
4186
789
6244
8743
6664
8768
7942
3315
9143
5696
5320
8128
4295
7628
5633
9300
1228
8034
8013
472
423
6379
5084
3521
3814
6574
7664
170
7696
3144
2805
1979
3999
8557
8941
9352
217
7115
7565
9966
8203
1533
6817
9930
9967
7741
1870
5073
3548
4621
9955
4183
4857
9278
3876
4323
8744
8383
6804
2094
3171
9642
7025
4486
45
6667
397
101
8867
8547
6410
4391
4785
1759
6068
153
3192
4506
5161
7906
3757
925
5765
8208
1071
2075
3125
9018
5425
8514
1337
6483
5384
5848
6645
6596
3594
9678
7668
2011
3364
3243
8046
3967
4088
3201
3892
4152
3509
3710
5703
9971
4825
183
6492
4682
4207
9837
4292
1705
7866
4336
7853
2123
1856
82
1022
4985
9498
1257
4107
9918
1451
3555
7362
7359
8529
7375
699
2038
8736
20
9350
2999
6964
8923
683
7373
7793
5657
6511
9906
6530
8729
6654
7236
426
1003
9620
6007
8319
4315
2627
857
5920
5107
728
8323
80
4033
3739
1331
3037
8591
6793
5719
3803
3080
6715
8615
457
5132
9179
7176
6967
633
1884
5477
3579
5894
2340
5022
5516
621
3186
4138
5293
3528
4524
8101
1980
4743
5708
5447
1147
8084
6109
6283
8920
7045
2679
6082
6050
1772
2280
1850
1440
7233
9326
4815
6033
7635
5935
5438
3447
4289
8299
6111
4723
9787
3349
7582
9457
5272
1539
3766
2884
9822
5651
6038
9452
6558
4970
9537
4298
6435
5108
5157
931
3329
7939
5556
7187
9701
2850
8103
8717
3245
5453
6779
3054
9940
9225
9576
4322
5432
5822
4520
8378
2079
8675
3408
9863
1922
7043
9820
2433
8342
7786
7892
6959
5826
5129
4494
7078
2426
3924
5759
1320
3745
1173
1512
7928
8498
831
3577
8417
5771
7983
8562
4535
1216
5717
7548
6517
3075
6533
9134
4674
566
2005
3802
543
3560
550
1560
9623
6760
6542
8849
7722
4384
4501
6587
2091
7428
2467
3996
5536
6770
319
2191
4648
2209
1568
6045
4808
4504
1425
8362
6039
6383
3461
9428
9296
1418
6337
8798
6394
938
2266
6400
8690
165
2978
659
3654
8713
3984
8435
2087
6783
918
2731
7611
2297
9751
2709
7202
8604
24
5807
4070
5812
287
2618
9104
3002
1522
1640
1580
3258
2548
660
6349
2255
1378
1826
8191
5148
3918
5505
5769
3836
4044
3820
4958
6277
4233
8146
3231
7658
9451
8546
7503
7269
347
1185
9146
9761
7331
2068
8669
5252
7100
2348
7102
6148
8947
9721
1414
7407
8179
1456
7328
8609
7396
3712
9679
2609
8478
3826
117
599
1476
1090
1791
2145
989
1217
3485
4957
5072
8739
5313
9073
5045
8142
3928
1839
9860
412
7280
7461
4140
3514
9601
9315
943
776
6291
3180
222
1014
8045
7225
9177
7392
8952
5732
5289
4590
1167
2013
965
3498
1632
6129
6997
9118
2299
4942
9715
3176
2360
450
2917
3394
9410
4001
4023
6963
275
1738
8330
9049
3922
5068
4769
2613
5067
4215
4420
2449
5191
8090
4240
7104
6519
568
9762
4829
7211
8648
8226
6245
6110
2797
8580
9798
6631
8884
7453
5639
8379
2105
7985
9970
9393
6339
3362
9271
462
8407
6560
9074
7980
3865
7480
7010
6489
3572
2181
167
893
853
5311
6281
4706
7790
5506
8267
42
2093
3868
2638
3537
9848
8824
4976
4127
29
4412
7837
4243
6608
1354
1450
8315
7555
7649
3136
888
2150
2578
1198
8370
509
4497
9755
9219
3848
3224
67
8569
2211
5866
9217
1563
3516
6926
7861
5958
9957
5470
7869
5931
1292
132
7006
2585
7670
4256
6796
6208
6378
2813
2001
4770
9394
5497
7989
9081
5150
2576
2761
5101
407
3527
4214
2487
4171
7265
9773
2778
6843
5992
3366
3277
7577
4372
714
7160
3443
1768
1836
7955
4980
93
5834
6423
6629
2277
2602
9540
7789
7300
671
6073
4253
9034
9294
6642
5055
1590
4467
6436
2656
3874
2732
8224
8157
2886
7860
4526
7674
5582
7659
1019
3671
8445
5500
2760
4195
8019
3106
3197
7596
2259
3046
9473
4448
923
9582
5054
2987
6034
9775
7266
5649
4860
581
4269
7437
3469
9512
5991
5136
9258
2833
3881
4545
7413
773
7754
8447
9994
90
9965
4300
3422
8422
2949
2903
7218
892
3685
9069
6206
2701
2343
7651
1721
803
9834
3000
9583
7848
5198
1793
7745
2323
8214
3896
5694
9171
4093
6299
2241
5316
8095
529
4174
1161
2233
1046
3559
3098
7168
1187
8718
5655
841
9882
8000
247
556
1970
839
6603
1551
1353
9648
3506
3819
9740
9156
2710
1108
9442
7146
2117
4993
916
5420
6905
649
6876
8531
7038
6113
4724
8255
7609
3242
7777
1245
6465
8971
7765
3414
6351
9905
5475
6971
5046
6298
7295
1050
9202
5686
4708
1045
7589
3377
5370
9931
5527
1822
3214
350
519
1960
4032
3056
2977
5098
4672
8011
4728
6798
765
6797
422
7784
2300
279
4246
7912
1798
8817
5921
6100
3753
7881
3499
3463
7729
3592
6727
4316
2763
1583
9711
2665
9046
8393
3368
6360
127
3369
5026
6027
2073
6736
1001
798
3912
9017
8093
4261
5906
3558
9983
8353
9891
8262
8313
1877
9799
8726
4647
1366
2097
4658
2427
2463
2774
2016
3104
7005
2901
8057
7514
1136
6943
1907
9270
3800
5315
6985
7755
3672
1159
4610
1238
5790
8857
3013
9
3697
3161
8031
313
4283
4518
4654
6453
8219
3039
8882
9275
2379
1455
328
9692
9424
902
3392
4938
2997
7783
5228
3196
6933
6862
7846
7842
1511
8087
4773
3009
6925
7343
6151
3943
3152
7463
9746
1894
1534
8483
8671
5058
4067
2916
2195
6324
8795
7148
536
4061
21
8731
2689
8818
3767
7574
3480
7623
942
940
7076
7387
9332
2737
9411
5242
4868
9610
9870
3841
5391
730
2080
2876
5662
7967
5594
7731
6666
7925
3858
2035
9388
6720
7134
9627
1599
6818
4649
2822
667
2338
2961
5060
2652
1686
7991
9016
70
3248
363
6901
3336
408
7758
6029
4110
9557
7429
8507
7114
6582
8551
7792
2196
505
4279
1085
491
9366
5433
7135
1261
9670
724
4228
615
6754
2525
5171
5760
2899
7072
3842
3234
2746
1264
8188
7708
8196
7528
999
8072
5841
3203
3867
8693
2840
7358
1807
7554
6481
6706
8069
4205
9728
7682
6702
8683
2092
8589
7561
6069
8821
6457
2088
6788
595
6058
9542
2873
1482
9770
5623
4705
6699
1162
3610
2808
7905
4661
3195
8398
2462
3501
1806
4232
2845
8249
5526
9246
2963
9689
4983
6794
8020
9363
4137
6179
4263
3092
8624
3772
3270
9088
612
4073
5328
5828
6154
8119
8931
4065
4341
7779
4973
5143
5037
6815
4730
7597
4039
4479
4097
4161
1732
7501
4666
9138
4819
5347
1273
5960
7607
2832
4473
6157
8391
6316
1880
4563
7826
5454
6677
5820
7987
5155
7581
6024
9603
286
7575
5948
9985
4698
7337
2883
8380
7618
7268
5333
6172
4026
3363
4356
1977
3917
6734
7941
1049
3123
9327
278
4267
8473
8190
9166
3401
7711
8466
1402
7298
5928
1628
1521
1765
5925
6867
6657
4912
8227
3393
1212
9054
1177
8058
4945
5832
7911
5789
2377
1799
3157
6938
7090
291
514
9111
2101
8524
4821
5685
7945
8099
2125
8801
9250
4878
4119
3427
7
9297
8308
3530
7540
2685
742
2202
9585
4122
254
3894
6130
4747
4238
6341
3840
6983
7633
2932
1711
1232
5112
1900
2106
2785
9443
3279
7653
2361
1989
4731
191
9226
4327
1946
1359
2441
7193
7953
9729
5939
7521
5230
1999
68
6884
9155
6266
3146
7489
7112
6197
2765
4442
7285
2934
5255
553
6887
6690
2254
772
5728
194
1935
1422
4016
4594
6534
5595
1588
249
1525
2485
6328
3115
702
7091
1988
5716
8059
2860
4437
2847
8986
2877
1114
4455
9782
5481
8232
7364
1794
8123
6218
1801
666
2334
9519
9241
6205
8481
1948
7506
1625
5423
5961
8742
7563
4732
7550
642
3653
4987
5865
4344
9778
7836
584
5429
6256
8369
2278
564
7938
3426
7689
6198
2120
1342
6420
4514
3639
1142
4015
2775
2749
108
1812
8987
8843
9914
405
2476
362
5720
777
7864
4565
840
8017
5923
1448
1479
6730
722
2397
8800
3244
5292
3992
698
6311
8806
3839
7917
5695
7791
1691
3219
5660
598
6864
4796
7865
2801
8792
1416
5111
330
7531
541
2251
3489
9490
7937
6220
5462
6658
8840
7537
5270
6704
9506
4410
3370
1194
361
3400
8433
899
5814
7482
9730
6117
1562
2165
6014
1503
2907
8697
5605
3784
1575
7029
7386
7366
5162
6882
6372
8352
4202
5683
4803
6031
7940
7189
1571
6269
8111
1885
1918
5243
1919
1892
8968
1135
5105
8512
8623
3228
3531
3877
650
4790
9209
2222
8298
8856
8321
8977
9544
9212
7306
8070
2753
8427
8933
9593
5159
3265
7011
3606
2052
344
9622
7958
4527
9175
3274
4926
7033
1969
7817
8541
745
8831
7374
5029
465
2085
4755
5612
4685
1126
8256
263
7352
4120
5291
7439
9114
1664
627
5688
1031
2436
3014
5225
5693
3670
9221
1924
8326
8864
5962
7088
2512
6458
6554
5130
169
7417
354
6041
178
4366
5873
3162
4374
6347
7469
96
4397
9344
1247
4182
2759
3198
6763
3713
4895
5592
8834
6065
9676
9269
8889
4194
9529
8213
8995
7083
7691
7620
1596
7034
4881
3072
1510
7687
8504
9425
5085
3845
7484
3454
9862
4659
2532
1996
1265
9028
3429
9674
1833
5254
8868
6989
1786
9458
7111
4349
3860
863
8285
4832
1169
8973
4902
5973
8150
9982
7282
2030
389
7070
2457
7560
6168
1779
2558
8279
3257
3659
5455
8611
7403
9571
4729
9922
4564
3099
8833
9612
2193
7672
2694
9478
661
2743
6407
5304
1906
586
1847
6662
2380
8753
7519
1495
8139
6182
6114
7821
1444
3657
5173
3317
6445
4113
6916
6937
3675
2159
703
9276
1189
5821
9102
7286
5487
2315
8672
8510
554
7199
708
5624
9216
8051
7213
1520
8828
7281
8462
63
7002
6537
4953
9230
2464
8324
1075
57
6365
8096
9681
9185
1370
172
6728
1993
5552
6732
3550
5836
8426
6443
1715
3844
3356
3752
6247
8026
2406
4234
373
6484
8776
9168
3909
6180
9852
8397
6170
1424
1388
6990
4531
61
9223
2793
694
1460
388
5363
7388
1397
51
1684
8122
2292
4787
5011
8991
2905
4225
8082
7675
6163
6844
3510
4340
4429
5697
2647
791
9990
1036
4599
8211
932
6258
5436
8684
3100
1207
1478
7380
7801
4063
6367
8865
4593
4101
8200
8334
8212
5118
6177
3494
4134
5405
9280
5215
735
9758
8392
8406
4977
440
8870
1778
8948
8367
9345
5833
8752
2931
1605
7456
8855
1404
5485
7591
5943
9887
3978
4198
8592
3709
2389
856
3417
9205
6897
476
1682
7800
417
155
6969
6986
5895
6911
4345
1039
7024
2004
4456
618
4282
9501
6391
6976
4797
7379
6444
185
9500
3287
6675
8594
6610
59
5737
3255
8662
4077
727
3089
9057
2729
3063
9432
1082
6486
6005
9936
4753
1647
6668
8705
8159
6646
8163
5336
8077
4450
3087
9844
565
2938
6621
6122
6535
8418
3112
6016
3938
250
7139
5725
368
6128
3424
4799
7845
7769
8023
2298
4762
8014
4074
9767
4598
5221
5424
6141
4355
4415
7297
827
6174
7736
5139
9686
6017
5300
6442
1540
900
887
9333
6295
2223
7727
4766
4031
5217
7603
8305
4727
3169
4025
5192
3763
6691
7036
3941
1962
4842
1433
7161
5743
3128
524
1260
6049
8791
690
490
201
3027
9023
5248
9329
3617
6332
4965
8782
6150
7247
5864
9547
6262
6774
6426
2235
7526
3901
1087
8808
8823
7749
8322
3067
7075
5817
4226
9609
1419
3850
2262
6929
5076
473
1028
6747
5220
2179
7676
2642
4148
8846
573
7891
9915
8635
9245
3517
85
3437
3688
2559
1592
4771
7605
2747
3740
7546
1080
4003
7290
5490
2086
6955
6107
7840
1760
9436
5793
961
9759
6828
6510
9749
594
2381
2672
9189
2592
9763
2448
8217
8586
1931
7332
6758
1151
7747
624
9608
7678
1301
7922
4407
9871
7341
4503
7644
2748
5946
4081
4496
6777
7882
7975
7314
2051
8166
1250
1199
1363
371
2339
3023
6343
9801
285
4144
2825
1688
4043
3616
3519
7173
5473
2095
9991
8929
2671
4335
2422
4875
5210
7303
9071
1000
936
879
8168
4328
8189
1400
1751
9700
7259
5000
8725
3561
4927
4285
5005
4483
5203
6713
7886
7700
826
6462
751
5466
5177
7568
385
1121
3569
6396
512
2312
672
8476
8158
6357
6417
4947
8938
1182
188
6951
9591
7441
9972
3040
6474
8598
6826
3354
7914
4906
6254
8490
1667
898
9200
308
7951
8992
1749
6514
3016
469
2186
2208
458
7516
1230
1552
8006
2141
317
1649
310
1642
9396
5409
9493
2723
9764
432
6515
8745
8248
513
3628
7020
5174
6653
2471
3239
1802
9233
4964
1846
3133
8363
9656
8874
9925
7978
1805
1956
1985
2413
7602
7965
1555
5253
7650
7662
3838
411
2382
4959
3522
3625
2048
9885
4694
8735
2240
7981
6325
9239
2258
8010
8851
1834
6003
8259
5950
6125
14
2493
3395
2859
2252
9318
5062
399
4628
8151
7660
1984
9797
2567
75
6186
5002
9091
5056
6267
9941
1959
9598
9059
5673
8972
4318
3208
2279
3311
868
5509
7174
8471
2880
9132
3638
1665
6381
980
4491
1288
4952
9636
8068
8126
1236
1096
8
7798
2041
6415
360
8863
4874
3612
2815
6397
3204
1084
179
2261
1316
629
9911
2137
2438
5147
2435
5615
5577
4566
6409
8848
2745
4493
1655
1997
8486
3843
8910
558
1744
4260
3184
7051
9380
9933
6808
1306
1059
6278
3947
8835
1174
9291
3791
3372
6729
6011
8659
5097
7495
8318
1486
6072
2171
5482
3719
2580
9274
908
421
5478
7093
2321
9581
3717
6609
138
2138
1156
764
6201
7087
122
1623
2993
6195
1669
544
69
8660
3273
1490
4146
3591
5608
7367
5970
5480
343
4078
2096
3692
76
526
7849
9616
7448
2458
4670
3367
4574
2385
3511
8946
3093
2177
525
3934
5770
7283
6958
1215
7567
4577
213
1951
8702
9263
6085
6015
6454
3137
4862
4688
8909
5115
1227
3563
7959
1975
2639
3051
6915
3278
4470
5922
9097
5764
619
1725
8167
9998
6335
9523
2442
7363
8286
3925
4245
4132
7780
4669
6789
5200
668
6778
4805
4196
3926
9995
6918
2699
4082
3937
3252
5968
4211
2507
2477
5160
1399
1594
3760
2560
3853
3758
9781
2069
9010
8989
6207
6904
7781
4251
8871
4557
2344
4608
6297
2131
6136
7108
3049
5508
7822
9921
7277
5144
9666
1148
6057
6944
8517
4104
2017
7889
4822
7725
3783
2410
4490
38
6686
6413
7400
9035
1201
7655
8329
1983
878
6346
7035
2015
9384
9236
567
9807
2033
9306
9532
4212
2538
3817
8548
2082
2631
4826
5874
1952
8479
8387
7859
4090
7064
8682
2516
6639
8756
2197
6590
2111
3691
1066
2975
7053
7208
1469
4620
952
8442
6076
9604
6149
8616
9368
583
7123
4944
4383
9413
5260
2136
905
7230
3470
6293
6344
255
7802
5560
9078
6809
5757
821
6194
8335
6857
5741
7351
9527
6171
3813
8117
4779
224
1643
8861
2768
3574
5267
6716
6979
1056
4365
3220
5027
9107
1468
9339
6097
53
6724
9094
4059
8097
2421
5399
8852
5514
1350
8482
2756
6717
7738
6689
2624
7512
358
5048
5427
4087
2140
8842
3483
8443
4268
8415
4476
5212
6326
2007
6625
8333
7944
9435
8104
5077
1800
5126
6718
7084
1475
9856
5689
7690
3253
1330
3293
3057
8605
704
227
1278
5224
1176
1324
9287
3549
2605
4141
8401
8494
6315
9303
8687
2286
4600
352
8700
5664
2713
2906
2921
3121
327
9935
5546
9198
6075
3452
8343
6885
8153
684
6940
4783
5400
7164
7414
7309
7529
9960
5515
5175
4244
3357
1530
369
5183
2070
3595
1509
3663
4802
1296
5063
2664
6569
6841
6301
5327
5092
3605
9548
2739
5290
8454
9277
804
7243
5142
5113
2295
8936
5634
8231
4549
8489
3880
8215
1107
6725
758
3706
6521
9227
7192
1262
2050
3082
7312
2044
4820
6185
9116
7962
3130
670
1901
2943
4357
1547
1737
3271
9595
5851
7799
1883
7270
9716
9907
7009
5208
9215
6461
5980
2445
8354
9176
5610
5967
4222
7638
5008
4307
1237
7256
2798
6961
6427
9908
3143
7101
6393
5122
4425
2428
6565
160
7552
8182
2806
6956
5916
7371
3441
1710
3974
8499
2201
1576
1591
4305
8691
4675
9563
5297
1214
8007
2404
8748
8908
7293
7398
4760
975
835
2545
9182
5310
2727
149
5630
2232
6089
1269
8344
3033
420
7382
6878
4396
2636
3512
4749
2072
7145
2065
8071
1491
50
5059
1898
5917
4241
3944
4317
5565
5492
9044
1777
8081
8539
5053
6527
9823
9615
9804
1398
1390
3911
7908
1730
6105
8550
9188
5431
5459
910
3990
4270
4640
6455
7693
7235
9471
4989
4782
3142
7770
8644
2207
9160
3705
4823
5775
2417
1630
9554
9286
1024
1728
8751
6546
4521
1020
9896
6466
2619
1457
9257
7656
1657
2364
1449
7818
1191
7518
3471
173
7301
199
5410
2764
2820
2942
9470
3975
657
1995
6571
4761
6196
9199
6424
3116
7949
7001
5699
8944
7704
6837
9833
7467
1750
2390
147
195
5334
1526
4609
3526
9898
8695
5663
4550
9194
9391
5102
6300
2848
9913
2283
1196
6947
251
7137
757
6314
9714
5643
5738
496
5773
6879
656
3361
2501
3871
5659
9880
163
937
4208
725
7710
6348
4469
4554
2074
370
2543
1702
9979
4547
8926
6661
7916
3660
4876
5340
2237
8210
7197
4395
8771
6067
234
1061
6628
3770
7058
6606
7998
3525
5731
7095
6450
8621
2644
5280
2523
521
800
9362
2650
104
7464
2693
5124
2954
3787
6060
9745
8423
3074
6553
95
2039
8850
4018
4310
3428
8496
3402
4611
3300
1355
5637
1143
680
3905
3872
8858
5138
5091
1837
783
3383
8098
5801
375
2183
3916
2524
5106
762
2451
8567
1374
3676
1131
4147
8239
2891
6054
5559
3815
585
6834
4382
1876
8484
1035
631
3666
4758
5983
834
4570
5194
1037
5504
7059
1352
7957
5371
5711
5266
2651
626
9169
9765
7734
2556
8575
4398
204
9494
2289
2584
2596
5808
7809
1375
4798
1312
4880
6978
5117
7175
7829
6700
8079
2063
2472
7205
846
3226
7505
9812
781
6722
9777
4353
5205
7825
2116
9485
5788
2830
9626
1941
1297
6460
5990
2598
5857
7372
6613
9342
6152
8978
9197
7706
7697
1670
3859
7317
3906
6752
9973
4165
1527
5151
8999
4109
2674
1122
1044
5999
8144
8958
3353
4923
1714
7357
4219
1566
4079
1146
4581
5995
639
3222
16
6358
951
418
6708
274
9808
1831
5539
8637
5321
5538
9210
5861
7264
7797
3724
3673
3568
9976
3170
6931
4972
1723
988
15
5338
5201
3708
8283
9910
5233
9273
3456
3381
9003
2564
9065
5648
3405
6
589
1586
2976
9784
8797
1633
5872
1958
9112
8289
601
850
112
9846
200
8780
4153
3005
9013
83
2221
3566
2307
6735
8814
1921
7206
9684
2003
3167
5805
5415
9461
891
6572
8078
6503
9004
4990
4180
8012
4804
3961
1299
8437
1761
1683
5222
634
9068
5780
8779
6369
4413
674
8770
3183
2539
5678
5207
6308
3968
1428
55
5268
1795
1053
2014
8209
7805
6370
809
6522
8170
9814
1890
2430
9939
7370
1034
9058
3335
7972
5541
7787
3047
4853
8819
4419
6614
2122
3669
9569
5977
2953
2156
4971
7289
2109
4042
4369
4781
8585
4105
8525
4748
8049
3887
6787
3355
2593
4775
8037
9015
468
6459
6371
8688
706
13
6384
2362
7492
387
1978
6120
6536
6659
1654
3520
6147
5445
9756
7740
7569
8716
6709
3177
1572
9222
8389
98
7273
1854
842
3603
6927
8601
7788
8356
3312
3981
1541
3711
284
4401
8073
8740
2829
7238
5308
8911
4438
9680
7342
782
158
2358
7543
6333
8149
3641
8076
4166
8813
3225
5265
4960
1577
2443
1464
5730
2726
1797
2678
6248
8706
4519
909
4966
8185
771
8985
9489
9792
7330
2151
1210
1063
9229
6368
1693
808
5762
9849
4197
246
2188
8552
4439
3181
5936
4852
7807
9625
4816
193
828
1153
3964
8280
1243
1458
2835
2554
4536
9790
5216
8240
2349
4575
3272
644
3053
7065
1755
2056
3178
9633
4457
6630
8904
8656
6973
2465
6886
3965
7681
1689
2227
1274
7186
3951
5356
3613
2388
1240
8428
3050
5219
4763
9374
141
3071
1401
8129
8943
8826
5938
7253
6255
9113
5411
2637
3338
9900
2818
9534
2620
9953
5796
4098
9702
8893
1325
9963
2928
4168
3070
2026
535
4368
8361
6199
5241
2610
3442
2205
1362
5394
7547
386
9480
9375
6726
119
9312
5486
323
4711
260
9707
8668
8890
1713
2102
3285
5568
3298
5511
2696
3286
5080
9266
9909
9317
6954
9311
4511
3062
4559
9247
349
1144
8775
4239
1816
1205
7365
7858
7150
6276
3189
8477
6214
4048
3200
5261
4699
4914
1394
7636
1220
4968
9124
8395
1767
6650
5829
7031
8784
5036
7507
5998
7271
2864
2061
844
5858
5871
6784
3921
3238
2185
5927
6531
7462
8925
8359
3556
2958
4373
5441
5035
4956
9577
4988
3439
2301
7893
4404
7643
6468
1573
9164
4339
5676
335
1259
3602
6416
3138
1118
5358
4928
3794
9621
5748
4423
4427
1054
4028
3977
7096
2930
5379
6623
1103
271
1204
5277
384
5752
5003
9599
3434
7872
5033
5362
8024
4498
6040
8470
1933
5456
4996
1314
8264
636
4013
7637
5043
4679
5403
4890
4720
753
9720
4548
1180
9816
1462
6848
2400
907
7119
5318
1712
9439
4465
2250
7606
1213
3504
1810
8036
9675
9195
3632
2269
869
1546
6192
3007
5204
4961
4185
3292
4089
6092
427
2148
6408
4678
847
6800
7695
8932
7376
6108
2913
9130
5396
9888
3960
4835
3886
5435
3864
9854
4375
855
8657
7207
9038
8192
1550
8878
8966
7060
259
8194
662
2851
6643
9912
1064
4487
406
9405
1208
7016
9228
946
641
6765
1178
6528
7346
6290
9117
4354
4002
7128
1011
1612
8460
653
1124
1704
7934
9125
1387
6984
8268
3448
7571
3374
5335
2762
236
8786
9932
5627
5015
6373
8186
1825
7381
7079
7524
2071
3342
9560
9695
6062
4428
333
1598
5040
3765
8980
9514
186
6493
3718
3677
3223
5235
1128
6496
8638
7578
6684
5965
9029
486
5540
9386
2909
9174
3187
8628
5692
332
6665
2204
7181
2024
7406
4155
1558
6401
1289
3096
4378
3581
9361
3627
774
4733
7522
6501
5178
4112
7444
1902
7022
7703
3997
2692
4426
3260
4768
4605
2357
678
6602
2728
7810
482
290
4510
6781
9731
2594
1141
4308
4619
7844
8613
1405
2933
1815
6855
9123
3532
4038
305
1437
7815
5786
8275
3017
895
7984
8374
8674
9709
9383
6577
2675
9890
528
1972
6875
2900
8761
429
1357
5571
1344
9128
1666
8956
6080
7956
6854
5949
1492
2667
6366
6361
7573
6949
8474
8152
1567
6617
8537
8566
9390
3716
8701
2841
4936
1811
7588
4363
8008
9553
7154
2459
3576
5493
3942
499
5357
8825
5897
7557
8105
2234
4692
7634
1914
5758
1409
8277
3359
7948
2296
2327
8721
7172
4697
8951
6593
9309
4022
9827
203
237
4500
859
2515
2453
212
8680
4992
390
3630
8115
2684
436
5169
9641
654
2519
3920
1112
9562
9683
1581
7964
3971
4656
7184
4440
4975
2466
366
9170
1032
2046
4845
1113
1660
9944
8678
9899
1186
5530
1937
5877
6006
9448
5542
6037
307
9331
2783
8050
4991
4792
7771
3648
1067
8802
780
9832
4905
437
2342
2831
2274
3771
121
1703
9803
8506
2129
1042
9840
1823
6485
5345
7250
5434
3332
6551
2036
9727
6858
1584
1680
5145
5489
7000
6644
4190
6790
7151
1564
3661
9916
5815
9783
4135
114
8620
1986
9688
2415
6970
9744
2182
2617
8853
5734
8055
8309
9370
2480
6476
1403
9845
8982
9943
6402
6615
8906
7012
2461
1304
9026
2927
6640
9901
280
3749
182
7679
6406
5598
9000
7451
2828
8438
4175
7304
1741
7226
9502
3958
1784
3810
283
7113
2028
8320
7497
8245
1896
7468
8536
6849
9541
1743
2432
3580
1023
2960
7311
6711
7673
225
5402
126
8133
6626
2755
7457
4484
9894
4789
1742
8394
6669
1280
5933
416
5707
3403
3453
5476
7144
1578
4133
3076
5984
611
7355
7559
4943
763
2309
2570
807
5082
3768
2936
9987
6355
1783
7046
1391
4772
5419
824
6345
2601
3212
4643
8202
6307
7943
8184
6714
7410
7756
4592
177
4446
4370
2518
7887
8587
6056
9336
4899
5569
1192
7950
5510
3792
6223
3190
445
5494
1709
8959
8564
6516
6768
8312
5751
3585
7641
6745
3600
5146
3728
6594
3904
9496
6392
2792
4453
7274
6004
394
9986
6259
8788
6966
1844
7880
7044
1110
3160
5404
9385
4596
5896
787
1925
2396
5785
7683
9810
2341
2189
180
6232
978
4458
3058
7327
5257
5355
7077
5631
2076
9550
700
1757
3218
498
8165
6584
3824
493
8540
2231
6102
7449
4460
2055
9021
2773
7713
8368
8830
8681
3597
4108
5591
8360
2649
3310
913
707
3554
551
8902
6234
7663
9774
7106
374
2842
1254
7237
1077
106
4312
8127
7097
9521
218
380
6962
4092
1048
5135
5802
4331
1629
3031
5314
2857
9340
6221
8449
3250
3643
6137
8412
1477
6026
7927
1094
1079
5956
9962
8091
2008
3518
1430
799
6509
9045
8145
7630
3668
9213
4516
4085
2103
1116
7782
8301
5902
40
6801
2506
44
5544
3647
4637
4203
8102
6504
2858
3578
1431
1104
9416
778
1365
4556
7248
5166
8452
2187
1293
5535
647
6671
5324
4367
1893
4280
2474
2687
5518
3969
2098
4546
6599
3276
2863
7032
74
8698
3325
658
876
2090
6830
6912
3322
4160
9630
6319
6600
2491
8195
5284
2611
1282
7627
2537
4394
2616
3022
1470
1671
4142
8963
3915
488
9328
5601
7907
2405
3553
7310
2282
2370
424
133
1938
3650
6116
8306
2366
6323
2771
9920
7140
606
9232
3351
7023
832
4949
5929
8027
9298
2469
518
1239
6043
7479
5070
479
481
5286
3883
3741
6762
1441
2212
403
326
6251
4477
2219
7395
8300
4639
5677
312
8118
2153
4117
9568
1246
6573
448
66
7996
2582
8961
8327
8655
9505
9082
9434
1415
1372
6812
2273
4069
6820
7813
2837
1653
720
1145
8282
9255
8641
5590
3440
5580
4418
3251
6090
5332
447
7345
1729
3457
205
5229
8472
6399
8030
1595
6507
3908
811
1017
3185
8207
4618
3759
7515
3662
1442
5523
3586
7445
1840
4623
1656
1183
4948
1206
5614
8664
4055
7666
1410
7421
3781
5885
8777
6748
7454
2198
4495
3088
9853
6083
197
2869
797
8164
1930
1360
1695
6920
1928
9873
8405
5519
8877
4585
5883
6948
5570
8596
9020
5718
882
2387
1731
4695
3619
716
207
3747
884
7204
5632
5578
8650
4006
7050
719
5854
1746
4584
3466
8092
5186
4886
6280
3744
8001
9632
8429
8085
252
5414
2418
136
3622
2130
860
6756
1438
7305
6363
3608
3683
4676
5287
1429
2807
5323
198
4291
9402
157
531
7103
1015
8643
6895
6480
4010
1909
6153
5911
5613
4433
8351
8894
243
6974
8559
3952
4884
2484
367
1083
10
100
8799
47
2110
4806
9883
2347
2879
7890
3230
9462
8065
1861
8234
5050
3474
3107
7746
3644
4967
7933
4333
4264
8983
2478
1852
1987
4223
3785
5589
2919
2736
3036
8847
1910
4364
7042
8446
5158
3762
4287
4739
325
2680
4839
1593
8043
8135
5522
8836
6482
5437
9382
1817
3174
5996
4408
7525
6203
3607
3318
4650
140
8468
8572
2741
7902
4254
8257
6634
3725
9144
7255
5256
555
2588
9486
8838
5044
4158
976
3333
2804
383
5467
852
3495
8658
5238
9977
3158
3551
3723
3455
7961
7816
5392
8796
9438
3738
3583
3083
5722
7685
9552
2303
4644
3790
6906
7057
3035
9420
4083
2871
3827
9408
6683
7808
3111
6497
2925
793
4330
5128
2621
527
2505
8425
9131
8424
4100
6592
7875
341
9607
8250
6193
9242
1616
1322
1315
3348
2666
8148
4329
459
9739
3404
5745
5259
1638
1307
7459
7348
8003
9351
2175
456
7384
4508
4405
4532
4463
9481
2498
600
5153
262
2803
6479
5912
3388
2419
4715
9644
9105
355
7562
7416
2547
4441
1008
3634
769
3445
9531
7191
2795
5641
5618
3095
5787
2575
6452
3979
3193
2346
559
5440
8880
6556
1829
4891
8732
5165
4045
5584
4411
4963
9031
3835
3010
2533
7107
941
930
5575
1663
2242
2929
3127
2452
4622
8602
8844
7527
709
2253
7767
9710
5231
7433
6432
3337
2492
9106
7639
9186
4817
2081
8723
9180
2606
5603
8310
4617
5855
9536
6320
731
6845
1485
3165
4352
7028
7141
6440
2376
7839
5285
9456
2972
5706
9151
7600
1939
2898
1963
6687
812
6145
7074
6695
229
6123
48
9831
5672
1808
3497
3678
9734
3680
3995
9747
4776
5756
6996
9842
2735
4192
2482
1698
3508
5469
1275
1197
6680
