4865
2875
5993
5253
1915
8601
3073
8835
3804
8215
295
1546
9566
552
5996
2461
9466
4236
3831
2157
8145
2292
4563
9443
331
6732
5721
7894
7657
5545
353
6819
407
5443
153
8416
1652
1098
8142
3683
4386
6153
3961
786
4843
465
7802
1137
6930
6260
8432
87
9256
8813
9991
4483
4454
8283
2515
5679
3489
7672
7130
7688
3423
9148
3355
1143
2519
3627
6003
8874
6212
3635
4901
5577
1111
5512
405
1008
9679
6534
2318
1296
2843
6850
4408
9052
7118
2018
9019
7112
2098
456
2644
8836
4894
7331
2639
8419
783
6183
4510
3192
6421
9146
855
7161
8924
6107
6667
5987
2104
6527
1560
4430
3725
3002
6911
6287
4287
9222
9376
1406
200
659
8507
2528
249
5287
5383
6796
5122
8403
8443
4091
4358
4138
2958
7212
4852
8616
9016
7951
8517
5189
6893
6739
7036
4021
3408
2128
5547
57
1457
7786
8201
7120
4806
3263
1766
7619
4203
8715
769
3654
69
1838
5665
2510
8184
1270
8291
8029
6429
2873
4433
4578
4575
3435
196
1085
5323
4416
8426
4192
685
5016
4884
4313
1632
4340
1092
8030
8941
702
1400
5567
1507
8392
5072
2833
3715
1025
4772
9333
9004
1633
9876
3772
5075
8914
5347
5776
2502
298
1654
9813
3158
8928
523
2597
6886
798
766
7268
4561
3644
718
4062
5802
4603
506
7792
5390
7828
6938
3976
8500
7386
3392
7040
7946
8854
7296
8011
1893
952
5249
3649
6378
4370
737
6593
8664
6928
3501
1952
2363
5671
9446
1792
5427
4264
2112
1031
8824
6703
7349
607
8437
304
8027
4636
7136
5571
9039
5999
7270
9420
6276
2057
7597
2474
7301
4082
8471
7508
1721
6816
2053
9179
8640
1889
9140
7252
3760
2045
2025
6348
9621
4389
2757
7006
1688
9970
717
2870
3154
7142
1913
647
4042
2409
2722
3979
8617
5360
4763
4721
9535
7157
8191
3182
5106
1650
8996
2693
1626
1424
2338
8462
1896
4911
6461
3982
1170
3967
5368
5937
5005
844
7466
4196
9209
6109
5953
1209
9073
9525
1655
9802
7603
5228
47
3003
2291
8991
8418
1362
4076
9511
5045
7678
2876
7461
3293
6493
8910
746
6608
8238
5305
4778
8264
5264
8804
8040
893
84
1431
5613
6883
219
2016
2455
7458
3881
6884
7297
8687
8894
5939
1386
5097
6022
4942
8638
4369
8358
6144
985
7451
9496
8817
8951
3903
9947
4889
9717
8231
8452
8379
1698
4890
8121
3134
8566
5431
5269
4320
3306
3095
8521
1268
6187
7844
9972
9117
2769
6803
7473
30
8998
8670
1660
6286
3092
3912
9936
9536
1866
4909
4373
3558
5929
8394
5738
8930
4265
9268
4034
4191
6533
2109
5207
8086
2983
6392
3326
2184
3919
9323
5503
1297
5876
7671
3615
3243
7511
926
9477
9101
1005
5146
8912
6933
7
4719
9270
3817
2867
3112
2344
5912
3826
4606
6571
7094
1480
5256
9020
7829
2556
9206
9905
3216
6294
1902
1083
5510
68
4619
8224
6446
8994
8081
1643
3048
5490
9014
9159
9593
3344
8763
7804
1742
2178
9394
2533
9530
3953
9808
3020
1579
1160
804
4588
6268
3543
6715
2743
7680
1755
5084
7814
6257
4123
2987
8703
6040
9756
4299
5922
2138
8113
8774
9770
6841
4876
2120
5562
1873
1461
5852
2939
6360
2478
6530
126
3504
5093
5353
9912
8324
4346
5432
4392
1737
7319
6157
582
3892
4621
2646
4749
2017
8511
6675
467
5608
1687
4215
1914
8681
9405
8373
7560
9577
9997
5833
3405
108
8311
7965
812
6128
7384
2802
3463
3987
934
5074
4120
4376
5596
4165
3895
6027
9962
5442
335
452
9809
7497
7179
9731
170
3943
4277
5593
1711
7181
7039
3189
9003
4071
4826
9027
2948
7162
1603
7203
6499
835
6660
2862
2115
3604
7773
7369
8593
415
1182
2653
785
8284
2668
6489
7482
255
7638
2775
5077
4341
3524
7935
4019
9915
9125
1881
858
5475
9580
2822
9683
3879
968
8673
95
2640
1051
164
3540
9141
8897
6485
4787
558
7595
2598
4238
4307
2110
338
710
3752
2171
6266
5330
9403
5408
6395
6846
9861
7135
4068
4078
6613
2436
6585
9447
4072
7072
3765
1566
8888
1050
9727
7739
2489
8972
574
3870
8614
4485
2548
4838
4464
6308
6604
9958
4158
2768
8911
9873
9468
2310
8316
7858
9318
9986
9678
6332
7771
987
9501
8851
8533
3458
9556
8822
6057
5777
9591
1278
4851
1908
5214
4036
9622
3096
8934
6925
7760
8270
917
2290
5049
6542
8258
6466
4802
3505
4987
8097
7413
2808
1806
1623
3577
7889
896
315
9765
6866
6265
8746
510
5609
8631
3122
1704
8385
7216
3481
816
8089
5376
9277
4614
9634
7229
6888
9031
6864
4102
1790
9077
2086
4864
900
8725
8359
3595
8356
1021
7729
3945
1447
7855
1751
8646
4086
6224
9064
9610
2803
1622
7920
5230
5820
7044
6044
5906
5448
4535
5730
982
8342
990
654
8812
965
5692
6786
4982
2567
6340
3626
2377
1937
8868
5277
320
2186
2752
1858
2303
5781
1216
2259
5694
438
9224
4043
1708
8847
8296
6804
6193
1684
4742
6088
8204
7609
3935
1542
8345
1996
4609
6801
7020
3762
6731
3364
6539
1259
3650
3160
1043
6779
5832
7956
5872
5217
8313
9775
2719
1022
3754
5615
6042
2520
5369
2481
7127
5707
788
328
9827
136
5746
850
479
7445
3947
3469
2857
6104
8624
9663
1530
1064
4570
3267
8819
5022
8293
5563
3017
9099
7933
7693
8723
1625
4283
2619
1154
3353
8907
4712
1938
3180
3521
4338
7273
2368
2586
2023
4753
3250
4628
3320
782
5197
6994
324
9523
8721
8413
2385
1029
8805
937
4935
8312
72
7633
109
8475
3695
1162
8164
3346
1734
5619
5234
9965
600
7361
4427
6226
2446
1227
9132
6637
2372
8198
3529
535
4807
2240
2845
7654
7500
1389
5181
6496
4207
9337
4149
2114
4748
9828
3865
4713
4329
6561
3722
1373
1770
2731
2676
5188
1585
4981
2005
77
4104
8954
1080
5830
8479
5174
7398
6587
7958
9288
8858
3440
8068
4181
6149
3103
8010
3889
8433
2892
7049
8067
9219
2730
2001
5203
1399
7755
8288
2863
2532
6619
5919
4399
5674
7166
3204
9618
8415
7943
6122
9671
6995
3819
2895
1042
2245
9257
5662
2460
824
898
3832
2648
1337
1621
5952
4402
1857
5155
9411
1771
2335
7375
7901
6206
2881
4049
4031
4328
188
4573
9657
7645
2523
2572
6368
749
3317
440
1898
303
2530
7356
4400
1611
2941
1194
288
8830
8119
5126
9595
230
711
792
1683
2703
7347
9751
9863
4371
3194
4799
5812
4924
6029
31
2896
6386
8505
7367
6178
8453
5543
3309
2107
1001
6975
7287
1953
4823
4875
1635
6110
566
6707
8872
4317
466
3385
8496
7248
1944
8783
899
9190
6858
7399
5302
8056
9011
370
316
2820
4634
4199
4688
8440
1531
3025
8802
1357
9749
100
3913
7568
2445
5374
2414
2543
6433
3273
8543
2339
393
825
2305
8005
9094
2782
5332
1367
3451
6065
3996
8696
3142
1121
4481
779
7665
6736
4729
5565
2830
7947
4681
2898
2562
5095
5250
2173
8135
1988
7575
4705
1320
8138
145
5393
6331
2357
1263
1844
2980
9187
8572
5501
1892
1981
1435
1054
9495
7576
5528
3770
2049
7275
6084
3166
2199
2555
1383
5021
6087
143
4731
7878
1372
1779
1644
3598
8310
4011
7235
6315
743
1102
2734
242
3813
8069
4765
9069
5520
7873
6455
6384
3578
9205
4414
9680
7770
6655
9338
6782
2021
9423
4832
7292
4976
2252
4180
6015
5874
6191
9497
6872
4459
7695
2211
3054
6407
1033
340
234
8611
8261
6049
2123
9204
6545
1420
6526
2264
3548
8158
221
6838
5971
6742
8729
391
5433
4996
932
5871
2103
7174
7444
7353
348
6020
2249
656
3930
7655
7731
9419
8234
6961
5848
8570
8052
9035
750
873
3370
1899
4325
5808
6077
1131
8424
3812
6053
8016
8936
2516
3473
5862
7284
5365
2626
8103
4538
7623
3238
1609
8207
818
5370
8535
4860
3523
2909
6412
8353
7600
6873
5842
9994
1936
7636
8510
3094
8762
9757
6899
6860
8187
6096
2506
3236
9343
634
8579
7015
6146
5436
7065
9641
2877
7975
8032
436
1429
1116
9701
3078
9183
6066
7690
2774
6968
8008
8976
1063
2403
5689
5225
1965
5195
8157
5666
1674
2595
9417
3202
3296
6211
7472
5962
9502
5718
945
3880
2718
7318
2122
377
3911
4218
2585
2459
7923
942
9203
284
2175
6424
9550
2271
1961
8245
3530
7184
7547
8078
7955
513
8884
2790
8220
4680
8463
3652
7084
189
3343
2044
8286
9662
5381
3713
8405
2628
5177
2400
2836
1381
4750
2167
5909
3123
9980
8939
6345
1396
8943
493
563
1464
7556
2837
7420
360
9732
9379
9091
9001
1253
2868
1580
9656
8094
8675
2583
2844
5518
368
1342
1061
4183
2547
4005
7156
4545
1618
431
6927
4355
1432
8120
4411
4954
7871
2599
2842
8603
9248
5079
2591
7622
8257
1440
2090
7953
8839
8321
7022
9176
9145
2304
6988
7467
8438
6127
4544
4246
6092
8531
9514
9060
2728
6012
4873
7723
7153
85
7486
3342
1132
3771
1205
9370
9586
5809
1235
6852
9924
1831
9750
5064
1422
8465
6095
2531
6514
9380
2766
433
7092
4564
4211
5405
9995
1274
7999
7083
8477
8340
6442
8571
7870
56
9668
1247
4188
7389
6492
6136
2737
9180
7754
4539
568
4057
291
435
7544
4530
8539
3345
8843
5588
2643
5705
5881
5222
894
857
9655
9744
1825
4212
8759
3417
8436
3086
2160
2257
4676
1189
609
6634
6684
5963
6857
7228
3607
9864
5688
4150
7653
3303
7720
9769
7314
7548
5086
9973
1220
9935
6037
1035
8757
7215
8979
2918
8827
2992
6957
2632
8562
4144
5331
4205
7533
1930
5524
5815
7948
8214
7725
4641
6517
4254
6114
6326
8857
3268
6394
6647
8341
2435
2376
3283
7738
6235
7532
3033
2912
7631
4359
1489
7954
9571
5092
2463
8875
8281
226
989
7848
2441
6594
3172
9526
6098
6986
1860
1890
9383
5601
9280
8753
9513
4781
6762
175
5391
8653
5099
2212
7578
5440
3183
6512
1678
8442
3275
9985
9449
2369
2851
449
5632
9694
1667
994
4703
3290
6217
7630
9437
9913
2928
9660
9541
6070
5758
1094
3512
4491
8613
2099
5290
7200
8371
3163
8365
7925
9158
4273
6082
5926
2070
4599
7372
4844
5951
2084
6295
9102
3992
9095
6437
1225
3795
9281
9053
1805
2317
1586
740
400
4244
4030
7050
6668
8346
9646
1833
2853
260
8489
1843
460
3219
8144
4912
6885
3139
4916
8780
7777
9424
533
7263
159
2727
6953
9434
3948
639
8384
2880
3483
6799
6812
3227
4448
661
2839
8974
7664
1630
6614
4440
7337
1895
3728
4936
7000
1360
7005
6972
5903
2392
8241
9561
6435
8959
988
322
8200
9304
3280
1275
6472
5259
7309
2256
9560
6418
8995
3928
1604
4754
1975
2658
7312
8090
8814
1186
8148
905
3176
4756
5857
8754
4154
7782
617
7462
5964
4039
8309
1352
2348
5654
3619
7290
4253
6160
4243
9098
4237
7051
9715
1466
142
7724
7012
3939
4200
5482
1791
7176
5247
1901
1957
3495
5604
8147
6327
752
5720
7221
4349
8299
4660
6720
2083
4698
3398
7890
3841
5319
2216
345
2156
9081
1498
7455
8713
637
7851
6674
9225
7208
8710
203
7233
9709
2726
1392
5732
1756
2558
7131
7604
7608
9878
9105
1218
2687
5846
9322
4219
8896
1986
2910
8864
2968
3659
3902
4213
5551
243
6428
6464
913
3136
3986
3837
1717
3231
3677
1206
2219
9382
7033
4605
8940
2065
3535
3791
5763
6902
4326
9050
2213
4422
2143
2006
5811
254
8080
2534
1645
4395
9021
4332
8599
2787
63
106
2055
646
7649
6219
2007
4006
3653
5942
1437
5826
4425
1052
4318
547
5851
8193
6347
7991
1848
6408
216
208
7852
1339
8658
8587
5807
9017
9509
8163
319
573
4268
5057
5859
2262
4284
727
6173
66
7842
3445
813
2151
7106
7289
376
2858
119
619
3896
7733
225
9315
2278
1239
9436
5164
2801
9971
8714
4653
3519
2551
281
2906
7538
8051
3827
1686
8380
2218
4462
5595
2433
2475
975
7766
980
6964
3554
7447
5944
9903
1164
1765
8205
160
651
5719
416
8809
3129
9869
8335
7175
6
4783
5465
1600
374
7524
4914
1226
2299
2194
8978
1903
9867
611
9432
8374
7427
4463
8368
6391
3064
1156
4743
4132
7707
7806
8073
6654
8256
7602
6008
5043
2679
4424
5278
1608
2512
8853
8183
2174
3005
6245
8382
9367
4157
8273
8482
5764
1066
5453
7246
7341
7992
4947
4466
6748
3940
3031
984
5404
8347
1991
567
8758
5750
9743
4468
9119
7029
2861
46
8126
1887
6837
2616
4494
834
5489
8678
1326
8716
4361
8343
9000
6789
2884
3259
3549
8913
5317
9955
7190
1563
5930
7550
2169
7567
7613
93
1987
3075
2180
9210
8195
1865
7561
4479
8285
4850
9458
92
3785
4528
1730
1992
3387
6010
6495
3281
2095
6079
7535
9767
5885
2444
1016
6192
6611
8559
1685
4991
6349
1670
4908
7095
3470
7779
343
6971
4247
4591
8873
8077
4625
6054
5868
4961
6067
79
9182
3507
6159
3793
8937
2772
5002
2986
5829
447
6039
9914
5814
1190
9619
7438
9906
7961
605
5831
45
3571
1358
7562
7171
9347
6711
9293
1327
2196
1506
1760
5292
6511
4596
3341
828
3668
3162
2662
9948
7772
6011
1689
9652
2456
2900
1615
5797
6439
2712
5123
6962
6036
9465
7138
8606
2229
3792
1250
2471
8777
8668
8946
1417
7652
1403
2913
9360
1543
9080
7751
7651
76
1007
3600
4708
7747
3108
1348
5497
8689
5437
4631
1474
2748
6454
6339
5642
9075
8165
5198
7566
728
8878
5585
2139
7893
3068
8558
1556
5011
6374
4521
3388
1355
4438
5650
7002
4775
3016
6080
3207
1639
3802
6247
7350
9408
4854
4737
2799
5714
2989
5728
2991
5170
3956
8925
3835
6969
193
7902
8502
4951
8744
3455
4113
2570
1606
9623
6723
43
2431
6259
4673
2714
6162
1095
2397
663
413
7620
3624
7140
6548
3256
503
5821
1371
7025
5731
3900
6831
6145
386
6451
2821
593
1718
589
7898
4176
5578
9590
8464
4385
7045
8885
9043
8620
8956
1512
7807
2552
8070
708
67
5400
5525
3723
1818
7736
6274
5024
3743
33
2063
9704
6673
2468
1552
6310
6636
1003
3337
5241
5131
1267
773
3061
2795
7924
5141
7008
4060
9787
914
7450
2623
9887
1681
152
8727
6447
4504
7494
3674
575
372
8865
5606
559
7137
4147
2735
2636
9774
8108
5128
977
1558
1808
3636
5864
8595
9214
4895
8523
5413
5034
763
4160
9388
9391
54
8075
1990
6076
2645
1380
1100
2161
8855
3931
2924
5111
9900
3623
280
382
6905
6790
7740
6597
9173
2405
7109
4672
1101
8841
7895
8565
7735
7610
8604
5044
6456
4882
7230
507
9881
7063
2105
1998
9568
5459
3810
9336
6490
4398
4809
9628
275
3351
9361
7363
6993
4674
9897
5887
4289
1169
4290
3686
4542
5806
5180
7223
4526
7075
9599
5603
948
5423
4842
3220
6403
4886
7129
5517
9849
1931
9341
5083
508
9531
576
842
5134
5886
9154
7239
6357
3347
29
540
3442
6627
4234
325
3145
7574
3286
4017
2594
7108
4527
3140
840
863
2605
4601
911
7192
2947
6643
1252
3349
2835
1853
4598
3466
3278
1872
5664
5232
1442
5006
9707
300
6737
5421
1726
8778
754
5156
9484
1099
4718
3682
8957
2493
5703
7501
8022
6411
621
3641
375
3640
681
3424
9366
3887
7421
4618
3934
1332
9488
7928
3594
3616
4334
5219
6681
2261
62
169
2260
5221
5403
2749
4523
2784
125
3768
6974
7217
9888
1727
6291
7431
5554
9123
8623
6216
4932
4012
8981
7783
7279
2815
9414
1592
7716
5333
4388
7196
5001
4855
4980
4656
5359
9818
5038
7662
6541
8782
8154
1671
1333
669
1289
9142
1668
1909
5598
1776
9456
635
4795
7504
2313
6690
9233
4915
6918
6830
4667
4231
3821
3411
9042
5557
9538
8749
7703
4820
8155
6416
7874
762
2885
7257
5837
8375
781
8823
1179
373
3756
6312
4984
9784
2932
9800
1331
7464
6213
551
7749
9422
3436
6987
4164
7713
6046
4051
8494
5255
1728
8026
2854
9397
1088
9230
8592
7988
9149
9686
4286
1185
38
9137
5434
854
9735
8856
5573
8167
8688
5329
5947
6746
6835
8320
2238
4758
864
6222
9051
7053
9976
8079
4571
7963
9968
4306
9499
9910
418
5494
7861
1575
7971
2721
8657
2767
7546
6569
5591
4769
2711
4519
1705
9640
3969
7825
5334
9255
7549
6577
2544
74
2287
3026
736
5227
1846
6401
2923
7884
5166
8988
8970
892
5614
1407
5462
9603
1926
7800
8537
7425
4037
8472
6414
1036
4907
6615
8061
2859
8307
4009
1184
4956
7032
7023
6119
5594
8019
1970
7258
6415
6436
8526
174
3004
3854
4594
4241
9312
6999
6745
3788
5321
5747
9295
2488
1798
2627
4255
8633
3028
5476
430
6207
714
4080
2981
9291
8206
5901
741
7169
384
3552
5399
3914
546
6473
3885
7718
2273
6304
3533
4608
5658
1037
3573
7995
3572
6158
1871
1651
155
4467
9161
4146
9215
2630
9537
572
2239
7074
3579
852
4861
4751
88
8062
5120
3966
9520
534
9755
2829
9036
2675
1822
213
8252
4836
12
7982
5157
498
7124
9761
9911
4551
6208
3657
2590
9350
6646
7904
5729
9781
9012
9111
9156
8447
7089
2279
9639
256
9092
1573
110
2826
2465
4993
3546
2688
3731
9746
5193
5336
9786
5977
2047
6763
5151
3301
867
3089
358
5251
8107
5071
1291
6520
6513
3378
1912
90
6528
5631
5098
5416
2314
9764
8649
4711
5105
4443
6759
1228
6588
1341
6641
5293
9355
6861
6976
3993
5081
6882
1108
5419
7537
8357
2776
2315
719
3161
420
8013
7520
2871
3065
4439
2888
7338
8861
1821
8634
1921
7832
294
4099
8243
4055
9562
5275
4917
48
1571
94
8172
959
5873
3006
8932
2508
1266
7470
4962
7540
949
446
4478
2479
5446
3582
9614
2940
543
9934
279
8199
4457
342
2093
7210
645
1551
1144
6943
3401
6635
9196
8330
2758
1812
7419
2434
2587
2518
5010
4831
950
8666
9611
6922
21
1034
7244
1979
3235
537
6632
1388
2447
6926
577
5480
1245
4384
2751
2352
4905
1768
98
7440
2326
3276
7906
8327
6524
8262
919
1677
1750
2484
3399
5542
6236
2927
4499
5656
7492
6622
6103
698
3796
6661
7915
9816
9700
5412
9244
8041
5734
7249
9714
6117
2832
253
2089
9500
9637
6815
2723
1482
7234
6196
8112
3315
1719
1850
6389
7030
539
4274
8096
397
5989
9805
157
308
946
8146
8512
9045
4136
6471
3198
8498
6099
3352
1335
1455
4018
846
4038
4560
6772
4741
9107
9545
6560
8274
482
1697
4774
1738
1452
5861
7163
2124
5712
6638
5549
6188
5534
7536
4151
414
2347
8169
8102
9220
1281
9199
8128
5900
9606
8466
548
2410
4928
5191
2072
2580
5560
148
7379
8748
6093
3861
820
7661
4779
1112
2633
9365
6325
2491
7198
7711
9793
7646
5449
8055
2132
4581
6062
1334
4835
1855
5372
5127
8334
7374
4529
1004
9029
6139
5235
4821
4184
9738
5037
3206
9998
1242
7993
44
3789
9807
5669
6154
1301
1436
3778
9856
3304
7577
4496
354
3637
6336
4632
1783
3732
6018
7385
1891
1918
2091
1984
7916
1178
5401
3779
3514
3381
7867
3102
9804
7876
3757
5810
8971
7821
1283
6678
2322
512
5584
3371
904
8427
1867
8567
3191
7698
5040
1309
9909
3437
960
2360
3260
5205
461
544
5348
223
5824
2243
5519
3581
8626
3374
6598
8401
5970
5055
6877
5160
1780
1405
5924
3605
3441
7274
11
8259
5312
4891
7998
282
6672
3476
9977
5246
9332
2166
7320
1720
9532
8249
6910
9733
1321
4173
7658
4881
8948
6771
8917
590
8012
3840
5069
2382
9548
5579
7339
4344
9377
8542
3055
9168
951
1669
7743
5839
451
4702
915
895
7614
2914
5509
2504
5324
1789
3446
3720
8035
5827
9645
6510
1541
8034
3704
4257
8444
6272
5325
8323
2336
516
7199
3247
3354
2732
9688
3118
5701
7984
9070
6630
4323
3673
1905
7762
4983
675
487
8849
1807
4235
886
8573
8580
4782
2937
2140
4707
7912
7525
7757
8253
696
9675
9706
2185
7218
6722
6719
5850
9848
5304
7150
2205
4070
3081
9258
3634
5769
4148
4484
729
5910
6592
2232
2469
3661
2660
4812
545
1761
9919
5782
6301
4577
8446
5163
2902
4193
1692
5877
1882
8287
239
2158
9648
1394
1221
9067
3593
4020
7745
9578
4368
3742
9110
6616
3150
7368
3867
1884
3232
9058
2451
6724
677
7495
9079
2364
2705
5866
2220
1514
8798
6248
1378
1264
5019
9636
8455
8015
4918
9589
6880
102
7057
1781
7769
9759
8407
6642
2193
2164
8761
6662
3906
5450
7323
9041
6536
6131
7468
4383
8785
7989
7437
5303
7433
8367
2569
9659
8961
803
59
5262
9393
6920
8554
815
6898
6683
2904
3667
3298
1488
7028
3169
1964
8298
4808
8468
1307
1830
7573
9463
9690
2954
2621
9908
6273
9056
6181
7241
8605
9211
1444
1409
953
8574
6519
6507
9741
1801
5785
9147
3389
3951
4064
9054
3223
969
1418
7702
9522
9916
2708
8701
3109
8522
6123
9120
486
8902
8251
2
5266
2746
7788
4690
6834
2879
4217
4740
6319
1495
6069
7143
6458
437
7446
6652
3128
257
509
2537
9918
271
1484
2381
2427
9188
4604
4610
1657
2284
5907
713
1948
6423
127
4412
9358
7756
6081
1215
2756
7147
6163
4723
6908
9771
9235
9654
2620
3362
1391
495
470
9026
1496
6568
2265
2442
3187
3358
9321
4627
5133
5612
426
4869
3926
8084
768
6787
6508
8840
2443
1113
9010
5514
4958
4271
5639
9519
3211
1478
3834
9284
6362
232
9381
6462
833
1661
6915
9901
4495
5286
4973
6833
561
9005
4840
333
2659
7283
8628
1449
2203
6979
7513
1078
9885
96
9129
6197
978
525
1637
7073
5080
5224
9907
5447
7590
2356
1510
2082
809
7478
4121
6948
9319
6477
1487
409
1045
49
9528
464
4508
9399
1522
6354
1163
4350
7077
7650
8576
649
3603
4446
4888
9263
8594
9583
9282
9783
4798
3991
6797
8229
3029
9794
6220
832
5167
297
7167
6089
6589
2395
6201
9879
112
1404
6809
489
5581
6074
2417
8821
1299
6147
4624
8756
7391
5751
869
9691
1911
7457
6388
2387
2624
9162
9547
4143
1012
8700
6231
4536
878
350
7426
404
6576
6413
8209
6329
9933
270
7841
1500
2943
3994
7582
9673
7418
8708
1974
6874
7439
1598
5817
5959
1310
9038
9625
6302
5722
7976
3416
6679
6997
7117
8329
1612
387
4225
7115
2282
3869
4574
1854
3237
7259
7557
3520
9927
6871
3248
996
2678
3612
9843
5737
1028
2155
1955
5974
9269
9815
9684
388
2930
2324
483
6035
5161
8695
344
1528
4576
4893
8752
3633
6484
3950
4352
955
1946
3479
7134
3008
2059
8171
4406
1526
3759
7090
5624
8057
5116
9491
4356
1856
9539
2503
8101
4986
5819
7396
6981
4555
2482
1787
8648
6337
1508
7516
9116
3538
8301
3069
6945
9252
9357
9278
1572
8240
5200
9198
7078
5592
1347
1286
5439
3177
5366
4052
3114
8042
9650
1450
8398
3257
5835
9922
4661
8833
3758
132
2036
7676
841
5017
8331
5825
7474
379
4722
4204
6005
2342
2170
5152
7159
8053
6254
3800
2581
5875
9772
8625
1104
2068
263
1524
3662
2191
5208
5171
8630
6341
378
4190
7236
5411
4461
7635
2254
1690
8724
4135
7843
6195
2293
6710
8784
2886
5472
6167
9609
3820
4699
3019
5975
7931
4421
1446
7882
1176
8597
5452
7934
4310
2763
115
597
367
2467
8730
2650
6028
655
1499
725
4500
6774
7027
6100
8557
4556
8944
7232
2715
9272
4929
6281
1462
4687
2022
406
8905
689
1972
6923
9893
4651
6338
8635
6152
3391
3421
6956
1049
8459
7352
4533
8266
8332
6306
1294
8448
9296
8552
7377
2933
4502
7775
1340
4301
9297
2577
3188
9008
7406
7475
5364
2805
734
1581
2329
1852
1150
5914
831
8669
2878
7066
9274
7256
4678
7685
6583
6897
107
9307
2680
8709
2331
1614
5096
2076
2182
9063
4471
6282
3687
1343
2421
4896
3568
5428
7794
1956
6009
3744
5891
9572
9428
7810
2652
5070
9002
6283
3210
2654
2019
8506
8143
3229
2272
4670
1747
3883
2608
2073
6185
1187
8410
293
4140
5502
4553
6556
6023
3860
1119
252
3179
7666
1059
9127
9788
8742
1032
748
2384
2936
305
3724
5918
36
4792
2020
1537
1308
7477
4847
8434
2692
9544
9835
214
2432
3039
7298
1130
5124
1110
6285
8063
6892
5709
4992
6829
2959
2953
9669
5029
1516
9957
8949
8735
4813
9777
9766
9558
2739
5892
5981
8370
3330
4949
9543
1715
1701
6828
6629
7966
7454
2134
7085
6773
9181
1773
3946
8276
8920
6101
2855
9600
903
8518
7962
8891
4979
2761
6203
4941
694
7177
4659
2911
6659
1836
6215
2797
3502
7541
7512
7812
6457
6570
3152
760
1107
9007
5196
9191
7336
623
1147
1202
1234
5969
6950
7189
3561
8137
9516
4964
2642
3651
2811
450
2069
976
3536
7304
8842
2602
6609
5793
6121
3748
4623
7476
139
7291
5112
5948
6867
5190
4095
1229
4242
1591
4339
7067
7299
7132
2810
5576
5771
8760
6004
6497
7360
2416
4365
2546
670
4409
8025
5725
9677
2365
9354
636
8445
499
9418
5911
8918
1353
8305
732
9253
5570
3755
4862
709
5409
9028
6322
3971
6358
4251
5568
2088
5943
1183
8425
4131
8880
9386
885
4677
8680
7058
3537
6788
4511
622
7914
2710
2177
8115
7949
871
2576
3429
8663
4083
8170
2236
347
3531
5052
4327
5129
7380
3587
6676
511
3452
9860
6194
3631
8619
3560
8501
5717
9024
9773
556
4105
3372
8450
2426
3580
7432
9674
1273
2126
7182
2700
2579
9734
1917
1009
7774
2907
2527
4063
4761
1288
1293
6431
1502
3111
40
6543
8047
468
688
3584
3277
4473
4858
776
2517
9631
2116
2202
1385
326
7436
151
364
1594
3465
75
269
3393
1582
2791
1935
4828
6043
9711
8919
7579
8514
9938
6522
4305
2637
5343
9164
3147
2415
7158
7974
7186
3862
1451
5623
8831
1249
3596
1932
3671
4643
6404
6483
7564
6842
4800
2827
2559
2672
7211
2611
3327
7960
82
5855
884
3843
8275
5521
5438
9306
9594
3200
6639
7571
8064
7357
3230
4004
6818
1829
6946
8639
3120
4554
2015
6267
7896
5727
2882
5667
7280
7116
1876
5659
9642
6168
2246
1138
1709
1706
8711
8049
9952
4760
5263
25
27
616
7945
6249
9163
4683
3253
2251
2470
26
7555
4348
6071
5243
2309
1595
5774
99
3233
7300
4262
1433
9166
3305
9587
6137
1797
1778
442
1207
4647
3718
5504
3508
6768
1279
4229
817
7359
2950
3702
6960
4824
5559
3780
9124
9949
5014
7459
2684
7267
6704
1820
4079
2967
6708
3733
4168
3592
751
6180
7615
5724
7647
1619
212
6449
2514
870
6540
4256
8945
9576
5297
2963
199
3497
3138
4592
2635
2407
7488
6889
3522
652
6631
521
2860
8178
1959
957
7553
3761
9698
4109
177
924
2137
5281
5285
9302
5030
807
4738
7921
5248
9884
9596
5211
1412
8355
5917
5032
6033
9693
179
6733
6284
9265
3265
6602
5379
3878
4913
1195
6351
4415
5042
6460
8967
6574
5982
1886
1076
2398
8807
1070
5380
428
1151
1486
8739
4224
6550
8278
2032
491
6840
2237
180
4156
9964
245
4380
7469
8530
8381
796
4110
5020
5799
549
733
2207
3486
7133
2210
8007
2353
2604
9413
4119
8369
6865
2804
5902
7164
117
6482
3815
1554
7306
8679
7430
5310
4650
371
2984
6199
2004
1361
9758
5693
581
3899
124
6297
181
3749
6752
8883
4363
8006
2813
7717
2399
4682
4815
5094
5898
4209
2486
5836
7737
5210
8776
4706
4879
4420
4258
7286
385
3643
3294
9776
3404
1000
9921
9412
3132
9524
6344
997
6140
113
20
8364
8968
8491
6448
78
7899
23
1679
4972
1313
5955
6595
3808
2106
8017
6914
2316
1002
3773
9231
2247
5708
4810
891
259
972
819
8982
4475
9237
5637
1943
8039
5988
1802
5787
8388
6645
780
1940
9207
337
3923
1010
8738
6253
8773
8232
2146
829
5934
9362
4093
2696
9831
7591
7410
4883
7964
6903
2234
6992
2031
4288
7801
7701
6372
3386
417
1859
8647
1133
330
8350
1349
8686
9402
7226
3333
2285
484
5630
1729
7366
9151
5137
3958
4469
7285
876
4458
707
726
5773
640
4298
9579
847
5107
5003
7054
7325
9624
9472
8922
1319
2955
1458
5135
2391
3949
6599
594
9469
9476
7264
3307
9739
5320
9266
6031
7010
8151
529
7542
7373
9760
8048
8947
7242
9482
1659
6863
9264
3990
6682
7863
6165
6958
1210
6300
9925
8684
7509
4032
1062
3027
6591
5743
5378
4280
3432
8244
2561
6052
6241
7598
9506
4773
9251
149
5028
7926
2221
3672
8179
3977
2440
3569
9923
6581
5487
6478
7178
4127
5580
9722
2362
8768
690
401
4275
9969
4732
7202
7282
0
419
8474
4053
7144
5620
1109
1518
6919
5607
4122
9086
793
5456
612
5755
5082
2050
6856
3825
2204
9612
3614
2946
3049
5159
528
930
9404
9552
6980
283
1828
2812
1503
6917
91
9510
1477
4747
4759
3858
1324
2883
9442
15
1041
5921
6780
7734
2277
5483
37
1982
5699
5575
7986
1223
2607
7706
1547
1047
2603
8975
7506
8977
3046
4739
9850
6694
1534
1338
4022
712
5704
5441
7407
5741
9987
7097
6363
9926
2709
2308
3774
6777
8508
1557
3909
7799
4227
5813
9262
9093
9339
6844
3746
6064
2439
1916
8987
2908
9953
6965
848
7204
9644
2995
8583
7017
4720
2125
4811
2699
231
1675
7173
1532
3717
3884
1800
8082
3845
1057
8414
3646
8046
4662
4074
5616
2209
5990
1090
7269
7588
8387
2901
4568
8806
8213
4822
7530
9728
6909
5804
3245
2982
1198
7113
7220
7376
3492
8131
4945
7596
2807
7930
676
9505
1942
9685
7944
3925
7048
3126
4927
2846
131
2346
8731
8326
7628
3246
4507
8989
3983
19
9588
8962
9334
598
1448
198
6320
494
705
6504
5130
6944
2573
1280
7021
3714
6006
3873
3449
6277
4259
2550
8304
1481
6760
6400
1304
666
9139
8953
8960
8704
5101
3175
1494
5677
7637
9999
8771
4333
6656
2418
631
2135
8577
3384
3340
1754
2321
8691
2661
7627
4351
5702
9249
6989
4859
2168
4362
2080
6426
4801
668
8173
6263
3576
2121
7632
2753
4541
3709
4233
2064
4735
8317
2328
3920
6901
2695
3855
595
6361
4263
8003
9886
2085
8352
8908
2694
6916
7903
171
8931
8808
1958
1883
8609
7348
7261
3181
4417
9186
1501
5552
6369
5148
3499
5697
3876
6725
3669
6826
6171
2956
4833
6299
2378
8737
3321
4166
5890
4793
2496
4058
1188
6402
7498
3618
3740
301
2078
9217
165
4790
1897
6232
5908
7463
104
1233
9167
5801
3685
3474
9569
2647
4620
6557
2973
1053
472
9597
2931
1491
3890
9200
1473
1398
4185
2584
6952
218
6935
902
4926
8319
5327
4586
5767
3133
1152
195
5445
8235
9286
3515
5696
120
7394
4345
9314
3562
8020
3209
2242
4612
5905
5983
4943
3630
6141
9950
8877
9305
9581
4567
1377
7719
1648
4776
2724
4856
2276
6252
9009
5869
897
8422
7185
5625
8348
6579
2754
8999
6949
3173
176
9889
9331
4393
4249
2228
4785
7987
6174
1351
9632
3316
808
7997
4547
8706
3007
1658
1631
492
9109
8289
2838
8986
1128
7748
1576
2919
8292
8083
5740
8803
1145
4456
4124
6978
3083
8314
8396
1665
3941
4566
9982
3691
9630
628
2974
3135
3164
8441
778
3781
7846
4613
2233
5484
7052
5326
5678
246
144
3034
4689
5136
8268
8246
1877
5194
1906
3339
5477
18
2000
8449
9247
6228
2596
9782
5176
1173
5803
5204
1682
4472
9015
9839
1166
8149
2789
8549
6854
3564
2117
1366
5306
1414
6120
5527
5309
774
5643
9824
477
1613
1784
6289
7514
6729
6879
5736
5358
3328
9602
8793
7917
2294
3348
4583
3255
233
2295
3084
2990
7344
9527
520
9931
6966
4587
8781
4617
6017
2920
1666
7618
2666
9837
277
7939
9126
5628
2490
9088
4569
114
425
8751
1269
8300
4141
1089
9439
5935
3299
7972
327
1430
4410
2307
3022
278
6693
9870
6695
4033
673
6317
1700
5997
4725
5065
6148
1141
7761
8181
9108
4228
3373
8037
2985
7563
7086
4429
70
2631
8712
8608
8887
3753
2060
3874
2375
6063
4092
8484
8513
8451
9942
882
6105
5633
8487
4902
1627
2565
9454
6744
6126
2450
7937
4640
2869
4593
7708
6246
8719
9598
9309
1951
1736
6292
6502
2887
6383
1159
5145
5150
5739
1305
8584
2538
4522
1298
697
9078
1165
9103
2141
9492
5209
9329
8844
3599
2783
2796
6469
7191
7526
4903
912
5973
7441
7543
5954
6934
4128
8643
1203
7037
3261
2495
2227
8538
8766
618
5904
4482
6555
5783
3332
9890
8791
6991
2359
4644
787
8212
5474
381
3359
1384
5980
1248
6755
1393
5048
2029
8429
1515
6377
8801
5012
2386
6617
7107
4752
6269
2741
4797
2189
2038
1055
7936
5361
9833
9090
3701
2966
2312
532
5
5339
1363
7957
5051
6633
6764
1369
1638
3901
6753
8456
5308
879
6453
3312
2996
3741
1105
5254
5229
2061
7059
1096
5322
3234
2529
5582
9517
8176
6060
1538
6546
6434
6705
8333
6823
8351
3863
6921
3648
5691
6687
8869
9940
8596
4364
3117
2852
1463
9254
923
1118
5270
5458
9917
8420
9898
3218
8747
7442
9406
6657
3350
1146
1628
9615
7397
2667
3848
3611
3425
1317
8023
6932
5784
3297
3721
4675
4450
6443
9250
8720
3193
3184
7929
9317
8879
8717
826
7790
8091
805
4488
5153
4374
9768
3829
1985
6963
1290
3814
3368
2183
9344
1323
3380
7990
9165
9084
9649
756
7979
6554
624
6761
4007
8993
4381
4548
5863
4206
2102
2834
5154
7507
1752
3080
4513
6491
6026
2831
2841
3513
3528
4175
4970
3751
1888
2039
610
8769
3336
3443
4616
1408
3071
8546
742
8460
3269
490
615
285
8881
7068
4638
1282
6409
1191
7611
2288
527
4549
2563
8984
1136
1827
6807
692
8541
9960
3694
2420
3776
3559
101
6824
739
2179
3418
6806
5460
9702
1813
7435
6743
2354
4520
7295
5168
2028
5485
8322
3116
80
7013
5295
3018
4557
4955
1329
2343
1328
3929
888
9687
6209
9857
777
1561
5629
296
2300
3410
1115
505
7659
4663
3098
9229
5558
5182
6013
3557
2406
8297
5611
1588
3015
9567
7016
6767
5426
7798
7838
3323
5050
4786
7728
3769
5373
9978
9880
3745
3488
2396
3190
3498
6970
6894
2473
7001
7715
7403
9178
4814
603
1423
81
8561
8942
1966
9570
8132
3509
4897
2286
2043
7768
1763
564
9874
9464
4969
7534
1673
5646
4413
2686
3727
5284
317
5125
352
2133
8194
5645
9023
6605
940
665
3464
3590
459
2589
7471
4311
2509
7837
5998
6924
4734
1504
1810
3240
3208
8845
8792
4024
6045
7485
6343
5307
2505
1868
7382
7364
9112
5555
61
6728
7593
3822
6425
4867
2899
7552
9613
4116
222
9241
7817
5385
9829
3414
5109
4372
205
6904
1568
4543
9328
5867
653
9894
5066
2270
8271
1900
8564
8545
1155
2938
8411
1740
720
9155
5316
7412
4404
5239
1809
4975
3487
3856
5418
7830
9226
9044
5018
241
7868
1646
8
2798
9633
5257
8904
5488
7938
3059
9351
5183
3859
5786
6851
7605
9174
4937
4112
1153
9554
8197
1746
3450
4367
8190
4686
2521
6108
2275
8966
2419
5605
6481
9445
5841
571
292
845
6730
7276
3747
8693
6941
3872
3287
7625
6262
8826
662
130
1238
7317
4177
9983
50
6821
678
6365
3433
7079
6422
1762
5715
8363
5144
2411
6663
8832
1434
7429
6853
8159
8550
4304
3174
5175
3551
2972
3395
6086
8553
2951
7265
5132
2401
9259
1014
3777
8044
4103
5061
2582
287
9059
9932
5062
8001
7818
3642
9046
2096
7752
3456
3335
8203
2847
5687
3224
1845
207
4100
2949
7621
3314
4084
3494
16
336
9990
6280
3828
14
423
2890
7091
3989
9298
6068
683
9762
1397
8050
312
7207
4849
2649
6038
3699
1694
2341
5004
6612
1214
4768
166
1583
5420
8509
8889
2993
8076
6367
6275
6405
3886
5967
363
4476
1505
4654
8503
5640
4331
9048
6758
2788
8395
7803
7696
4940
1276
2891
2231
9847
5754
3904
5670
2814
3093
8692
346
6859
6350
3809
4291
7519
1640
5301
8656
6697
2971
3076
3050
3266
6559
6669
9013
2786
2588
6503
6869
1306
7099
1196
9529
767
8409
8065
1634
3638
7787
771
3201
9287
877
7833
2147
1799
8642
629
5507
3070
4390
6523
7225
1804
1748
7629
7102
8795
1920
2351
357
6538
3097
4015
4517
3063
3897
5932
8676
2634
1254
1983
4111
2500
9130
1142
569
7080
4871
5140
9891
7744
4579
7293
4432
2964
7381
8800
784
2988
2425
7496
1019
3954
9363
2306
9699
6256
8544
7515
5770
1758
8694
2994
9819
1716
5143
3775
1587
8618
8867
2176
5834
3011
3125
4282
475
5261
1910
154
3454
3736
9194
764
9584
1439
6757
5723
8092
8825
6590
2449
9803
3467
4059
51
2367
3325
6270
3836
9695
3942
6738
4868
695
1548
9135
1960
5102
4435
1468
7388
3066
1764
6843
2691
1653
1314
4008
7879
6316
8876
5298
2780
3681
8402
481
3729
6233
1733
7789
9065
565
6756
3382
8677
5790
9218
2379
943
3639
8540
311
6881
9171
6261
2402
3663
5840
5537
5651
1411
1460
8306
1978
5496
6900
658
8698
8645
8166
5574
6648
9806
2268
6603
3550
9242
9553
2673
5936
8408
5268
1312
6091
5223
2024
2026
8223
7316
7434
3852
7042
339
6179
6895
162
7443
4657
3141
5296
5311
3985
3597
5357
8185
1919
6380
3525
4152
3037
4709
1074
7056
2764
1676
3964
1395
5187
2669
7767
9557
6596
8216
971
8622
3051
6937
4919
2897
2487
1564
1260
5772
3698
4441
1086
4898
531
4240
5389
2856
7214
7448
2818
7796
1379
6479
1013
515
394
9276
4968
186
3726
1006
5461
9089
8469
8362
5162
1793
1292
657
1134
4486
1230
4445
60
1907
2428
5915
6001
9138
168
9826
4391
4321
8180
5470
3406
1315
837
1125
6628
1258
5695
1255
8786
7188
361
7227
5047
5108
7572
8486
3251
6243
6813
916
2373
8728
8412
9292
8732
8376
6544
3655
3707
7310
4829
5280
504
2793
6521
6954
5237
9928
4525
706
9515
9335
5362
2422
5531
4726
5435
5288
6214
8033
1707
4997
469
2998
3973
396
865
1819
1122
8702
5775
6090
8926
3629
4354
7675
7617
9082
4827
8225
4436
3427
1180
141
7741
2012
6440
6030
1140
4531
3155
6532
9113
4540
9966
8921
1741
7860
1680
5398
5683
2325
6716
9479
1749
9812
6078
6182
2872
9144
9799
2003
2525
2942
7697
664
8866
7114
190
2383
9208
10
7910
5649
2778
8336
860
6500
599
2153
6200
2358
684
7327
9814
2119
8260
8124
6244
2961
3610
5351
3000
1954
1174
1073
4221
5212
3085
8665
3289
731
1993
6698
4252
5923
6985
1467
5536
8790
1849
4094
2979
7148
5822
6056
3974
1922
672
3215
6255
6138
8196
356
583
4559
7126
6734
881
3375
6050
1826
1656
9956
9483
6381
9025
3806
7669
5602
8985
210
9236
9189
3254
821
7460
4669
7197
6549
1839
1977
9821
4492
536
9401
6225
3397
4465
32
8250
13
6618
6951
591
7980
1577
992
1135
979
5716
8338
137
8547
4089
3847
150
3894
3157
5968
5103
9072
5516
9455
1559
7302
7277
2301
1840
134
9993
8186
5451
3838
6465
432
9398
620
5318
2617
2742
8239
8828
722
9227
890
55
3888
7343
248
8529
4324
613
9474
8799
7864
9498
7592
5511
4360
7845
5899
2224
9564
5985
1387
7100
2148
9459
3988
6438
8755
5186
2056
6475
2601
8004
1325
724
2283
5463
4145
2217
9061
8898
2828
3851
2960
2568
4314
3407
5535
9883
2008
2566
2131
5315
3567
1046
555
8590
9726
64
4437
538
1027
6625
5384
7060
7648
5865
5467
630
6913
1106
6563
5007
9177
526
4704
9729
8161
6754
8787
2681
2244
2612
4214
9629
983
7145
7892
5550
9719
2670
9283
6721
956
6942
4090
9134
5342
191
1607
6626
4512
6371
6607
4944
7759
2404
5078
8859
4789
4418
4590
1864
3170
7146
1739
991
7583
7795
4611
2765
827
2664
4377
2925
3915
6072
643
5498
1124
9201
2864
3044
3471
9356
761
4685
7330
4639
8674
3797
747
7791
4455
4118
6525
6118
2969
7872
444
5466
9193
8578
3270
3428
9239
2771
4474
318
3205
2201
3475
3045
6651
5415
5541
929
1265
3485
4493
4010
6420
2574
6644
457
5789
6552
2944
4490
6463
6584
935
7093
9430
4784
4281
700
602
3518
5976
4025
2477
8391
7712
5184
2480
4401
4169
4405
8439
8659
8237
9022
5523
8834
4515
1636
6610
5245
8585
8615
8652
1811
3922
7055
1295
6747
8478
5522
5794
9504
5273
8397
7859
554
5031
2113
9136
2606
9150
4715
8850
6940
7726
1075
65
1415
1365
8339
9904
7599
6977
1894
7856
1208
7240
5544
4998
9742
2002
9992
1330
9400
8667
8315
6955
6566
2690
4818
7793
2755
7569
7139
1735
4953
4857
596
6666
2424
7570
4546
8895
323
3516
2320
42
7996
8219
9551
7656
1509
3062
1200
1114
4716
3214
6792
1841
1161
7062
735
2560
4863
5142
58
7489
8177
8272
3737
3794
5896
9212
17
8563
4585
8100
519
9453
970
4565
5710
1662
2274
5147
8269
4796
1318
7452
8228
7673
8162
1832
625
4216
5355
5586
5765
6983
3710
5492
1302
1456
8318
964
7847
8000
9352
9228
1929
4272
6135
7332
3447
4167
2542
9518
9540
9845
6982
2501
3038
2163
8683
1072
7180
4744
359
5294
7644
1172
5960
2192
9846
7424
6778
4322
3461
6184
9930
8600
9866
264
799
6000
4946
9705
3665
5481
3693
4658
3285
7271
8901
4248
7565
1527
1472
7484
4407
2010
4379
9748
9858
3453
5530
4129
8923
9238
502
6239
2075
5033
2311
4697
2629
5878
7883
7019
8360
7840
34
687
4452
7705
8247
5965
3167
4925
7328
4635
8156
7682
4921
9192
6221
8217
7355
918
6700
562
3790
1018
7122
3999
7401
1129
6680
517
8110
3053
6417
5884
1024
2492
8106
1924
4978
6701
9301
3077
9696
541
7836
5240
3012
7626
9797
2917
4387
5742
3678
3957
4700
9954
6019
366
1731
7559
9
638
4965
5668
6230
8435
7732
3144
7428
3149
4396
9195
6150
2267
2011
7709
462
3478
3042
667
4302
3496
1544
3186
3035
3032
730
6580
8852
6298
6170
7587
8174
2657
8733
3239
9057
4428
6430
1236
6335
2792
7681
9128
6692
2058
1139
7994
6959
7909
5236
7390
1079
2296
2779
8476
3864
3932
7183
8072
8933
7687
3570
8002
321
3482
3936
7932
4223
8188
5564
836
9658
3807
6929
3199
9438
9626
3472
310
7831
5548
8150
6387
1934
8031
849
2145
2600
5395
4208
3426
8532
1523
6166
1753
9508
738
1969
1039
8929
1693
8014
4733
7941
3617
2499
5572
4085
5735
9865
794
1148
2452
8848
121
8349
9421
9975
8117
2413
4382
5828
365
2865
206
7247
3115
5279
3308
7677
2333
6048
3030
1354
9068
3997
439
1880
6890
1091
4115
3853
5169
9372
8423
158
2235
3153
2610
4899
4501
8516
5641
1048
5063
8740
5067
4597
4701
4684
4646
403
5354
3799
7104
5949
2903
6251
9087
5748
1193
4934
2190
9895
2978
7911
9392
1714
1584
3679
3539
3394
3313
4003
9441
4044
8417
3963
6996
2458
1695
8182
6189
8122
790
7521
838
3104
999
1211
9946
7313
641
7168
9416
2750
822
4174
8707
6129
9364
8139
7487
5429
7119
8153
1553
9153
7365
7255
9049
9841
8233
2497
1777
9753
606
2929
2655
3730
839
3830
4582
3766
7371
7518
8890
3195
2280
4595
8038
6116
3871
7694
6706
7414
9665
8406
1786
5749
3984
7480
7172
6575
9720
6750
1445
2319
8168
445
3556
1842
1950
228
4870
3621
2423
7141
4602
2054
4880
580
1834
8400
4755
875
235
5394
1617
3324
6907
9407
795
2682
8074
4600
458
3357
6769
9122
9106
2225
4035
9929
3839
2371
6094
2575
650
2615
7684
3377
7710
9740
3583
906
2952
306
4137
3079
3846
5928
8386
9316
2466
7978
3434
1976
500
118
8130
9033
5023
2092
3363
1359
3490
5553
1364
138
8892
7165
6097
2250
1256
6058
7977
9083
4629
443
4270
9452
250
5766
2716
7395
3419
9340
9546
5340
5847
927
7918
7456
5119
4771
1712
6169
7417
4710
4692
4065
6398
7262
6406
6845
6876
6390
5345
9030
6296
4294
2388
185
9325
2464
2773
5621
2197
7110
7404
1549
8087
1710
9798
715
6370
307
8973
8863
86
4757
5121
6014
3824
2945
2034
9415
7170
1197
7278
6832
3274
1213
7018
686
1344
5113
2889
5271
8641
2108
3503
9097
7483
8764
3100
7123
8236
266
6359
6375
2663
810
7307
2009
9902
3735
8983
454
1782
3955
8277
217
6582
4303
7266
5778
4999
3767
5798
3403
9494
3060
3477
172
224
4278
3924
5800
6891
3750
5508
1097
6330
6366
6870
1219
5337
6649
6551
5377
2485
8612
1878
7670
4728
7121
9385
5407
5684
6156
1814
7081
2337
7111
9792
289
4444
6334
6385
9941
3981
8383
2564
9549
9608
2849
6671
6896
9790
5344
4694
496
8551
6640
4081
5053
7160
6664
1402
5457
4505
3412
5638
1875
5956
614
2717
6601
5013
6130
209
9294
9071
7663
2997
6352
123
5972
2454
2066
9810
6041
4487
215
1469
3322
8230
530
1127
2816
8308
7683
2230
7046
5158
3783
755
9521
5015
1533
2685
7727
6305
5941
7340
5823
3965
3367
3675
9096
922
3980
2524
272
2052
7545
6376
6134
7700
2258
6007
6713
9444
2613
1251
9223
3196
947
9723
2097
3586
5009
1222
3252
8361
3937
3258
5406
6825
9245
3588
6817
4509
5422
2593
4172
2048
7493
8303
2713
3563
5000
5686
6328
6505
3705
9047
3024
9373
5682
9040
2511
961
1647
6685
6578
6382
202
1649
4001
8969
261
3658
267
478
604
2027
1077
7973
4649
5115
1973
3527
4693
9959
8772
9785
8490
5392
7827
4293
1350
2926
5215
7481
981
3622
5916
5513
2747
9754
2759
9747
5657
3696
4002
5283
3088
2554
1593
1967
3689
6670
7900
2614
7333
4142
8492
3091
2149
8644
3402
6059
7640
7465
5206
9378
9311
9487
962
5599
8722
7409
4088
8495
967
6565
6967
4179
6290
3784
4516
8127
797
332
3541
3159
2733
8569
1511
6151
4537
1862
5539
7303
133
3666
1497
4994
2263
1311
9575
3703
9920
2638
4874
1869
3271
6878
5299
1535
6016
6353
4016
7423
4308
4155
4319
7865
1262
4069
1441
3684
8536
2781
993
5402
6333
4580
1933
2266
8992
3146
2111
5647
6712
6717
4178
6264
1011
6564
2825
6606
2040
3962
4130
9853
5430
6709
1574
2840
2188
3591
4097
4198
8499
7641
9724
8882
4930
7985
1065
6793
5757
4637
3151
1241
1795
7151
8390
6810
5471
1212
146
9273
238
7502
3459
9131
2355
2697
1181
3331
9967
7897
8485
6452
5844
9121
9791
8734
1794
3933
5088
4239
351
6783
9989
8109
3656
7354
4245
9267
1030
7970
3107
8862
2223
9875
6820
6075
9855
7891
1596
1968
2408
3916
6419
3632
2957
1971
5818
995
1664
7522
5100
1123
4477
2522
7411
1885
2970
9573
3010
2429
7152
8085
9882
4182
7639
6083
9872
355
6218
2394
998
2334
6686
5338
220
8955
1947
3544
8227
1823
1069
1837
2701
5073
9326
5260
4872
1201
9246
8133
2206
1416
3448
7869
1835
7908
1529
4679
4714
455
5352
6518
2430
570
9533
8589
8846
7950
5540
2159
7245
7642
3366
2770
2297
135
5920
9616
6515
4162
5473
4558
6658
9435
9375
9431
4804
6766
8467
1722
83
2894
9868
3782
7862
2656
8481
8525
156
9689
8088
6342
7805
2817
7826
861
237
5745
3613
9745
9169
8770
8651
4746
8302
1038
128
3040
5495
6912
3898
9285
6931
3197
6868
5994
410
6240
390
524
4028
8372
7510
7311
7808
8682
7820
3891
6699
7866
5529
8598
6176
6161
1224
122
9607
1167
8582
3680
6237
1525
9275
402
5328
3319
8743
6313
4837
6476
9712
9852
3058
2162
5414
1520
759
3106
6175
6795
9534
2736
7043
8750
1171
1597
1410
9736
2118
5265
7358
3690
3438
7224
3318
4691
4366
9730
9672
4134
7003
6848
9682
4957
693
3998
8099
251
4724
8779
9582
1287
3056
9604
5104
1605
6947
9368
9462
3311
8591
791
6875
4878
6143
7326
8290
5589
2154
4887
1601
9692
6024
8123
4524
2361
4664
5218
1026
314
5569
2448
8208
3365
6689
5314
4186
5889
4615
4503
5220
7753
6397
1616
7243
6450
8095
2476
3413
2037
3944
1479
1939
3130
6501
1567
514
5367
7231
2187
5417
9752
2536
4819
28
9289
5870
1904
9489
9795
1767
9395
3805
1336
6480
1081
2071
7730
9300
1284
3574
9426
4050
9213
6410
1240
6776
8637
7392
9823
3422
5533
2437
2214
7721
5780
3545
4330
5464
4046
8294
9899
4988
5363
4375
522
909
9542
9460
814
3952
1663
8789
2412
770
2074
1743
8797
1817
8111
5213
4939
6805
8125
265
1963
6785
1699
9862
8431
1847
1962
3057
9037
5491
8267
789
4816
5388
9851
1453
7699
6586
8909
2744
471
167
4163
9143
4498
716
8140
3905
3628
6567
7272
8607
9197
3480
6258
1589
1068
1945
6621
9988
4108
6393
8829
7913
4989
938
1277
2215
7784
111
4023
3927
3608
1126
1459
6906
1995
2760
2874
9842
6984
161
9473
1774
3532
1629
3708
5350
9216
4230
8610
3692
6620
3264
4075
7907
3868
2541
3565
9104
7624
9390
5756
8377
5054
744
6441
9232
4788
3575
3052
7660
7668
5192
3249
2725
6802
9349
584
5882
4014
8024
3719
7780
5272
4077
3566
9585
8662
8963
8527
7781
3148
2323
6836
2651
2962
5026
802
1732
3918
859
8990
274
8473
3272
1691
8775
1483
9877
1570
9661
2641
7098
9871
5036
1493
408
6186
866
3857
1443
4250
1476
775
7101
3356
7250
2702
6470
7402
4853
7834
6727
8699
5984
5500
5966
9346
9202
8964
8036
4780
8629
648
5744
7035
4830
1192
5244
7213
1492
103
5805
1578
3439
5672
4938
2349
4730
7393
5753
7531
6696
4974
6293
626
9721
3225
7714
3706
1745
4087
8534
9937
5655
5282
1093
4378
4910
73
258
7835
1084
2539
9832
3121
4489
5089
5622
3329
8192
7335
9638
4269
8059
1999
5681
7809
4727
2494
6839
1796
5933
3968
1087
8811
3921
4342
8060
7857
5978
4514
5768
6862
3127
9034
4717
290
8900
5267
5493
8935
2030
3542
7758
8221
7070
9175
4226
5505
5635
8488
3842
4655
395
8189
1863
3302
9320
7041
4451
6562
7096
7009
9507
4101
7601
843
1610
7219
2150
7554
830
3462
9820
4933
9834
7785
1861
3798
3168
5425
1723
7584
8528
2483
7415
398
4098
872
6190
6775
6142
1020
9974
7345
9725
8555
2976
3823
6373
6242
7031
4222
7880
3090
5587
5532
8685
1536
8009
5762
5165
4666
931
485
6936
6314
6155
3849
380
6487
7686
560
4266
5860
9708
4061
5853
116
4791
6990
941
6323
9433
2965
9718
4990
7499
3338
184
6535
9261
5938
1997
6459
6529
5172
3818
7959
7691
5925
9330
3500
901
5258
2380
3334
4767
7692
1120
8575
6488
9475
6740
7746
1620
9643
4518
9779
3534
9260
7528
936
349
2706
7689
2345
6486
9353
4550
2848
8457
8672
4845
463
7125
1485
954
5173
7194
925
474
5880
6808
5648
579
1724
9801
201
41
1438
1067
2390
6445
9667
5386
7643
7674
6741
5313
9486
6509
7069
9617
453
9425
7919
8586
4777
1382
9066
262
5060
6798
5349
2935
2592
587
9389
9032
2549
6474
757
5627
9429
7969
800
299
8098
5397
4671
9963
4133
7853
5950
3
8632
765
4630
5945
6133
1540
4431
7315
2557
334
8504
3222
5396
4846
8520
6177
5986
8815
7505
4125
8328
7321
362
2142
2934
8160
236
3975
247
862
2915
3143
8903
5027
5149
8295
8654
7422
9493
1257
7324
7581
5897
1285
1168
5690
6849
6973
7155
4923
6467
6714
7607
704
8796
5706
4195
2819
2289
2498
6537
8893
4117
6791
9471
9653
6939
1602
22
7024
1703
7007
1624
7038
3739
8389
5424
5039
2438
1232
422
9844
6677
7491
7750
1375
4607
8058
429
3036
1772
480
2181
3213
8671
4040
5653
5618
3510
8071
1071
2745
2553
9371
9676
3001
3244
2330
7205
4300
1562
4073
963
8254
3786
2389
7558
1879
3764
3242
5114
8568
7387
3585
8602
9348
5856
1157
3738
3415
473
1204
9018
173
7149
3970
1851
7088
5479
7523
6726
8788
1989
2087
4959
424
4276
4668
9410
4357
8263
644
5583
4114
4803
3601
3882
7704
5652
9574
9324
5499
856
7539
6311
8916
2136
3647
4648
9271
8265
6784
5927
3292
7888
9981
7479
3171
8661
2677
1521
6653
3645
5795
5046
3262
7416
1149
4745
939
2067
1454
1980
1590
286
851
4552
6355
4161
6309
6468
7405
5538
920
6234
147
6223
5843
3212
8697
7103
2453
8524
7026
6021
703
5468
2457
3547
7154
6573
8650
4904
7004
9055
2081
9450
7288
4572
2226
8690
4892
4013
4453
273
8043
966
4106
3221
2571
1923
1428
7209
6102
9979
7765
1555
1874
9859
6998
2850
9710
3606
7378
7342
1949
7305
4353
8794
5992
9172
8915
3282
2077
9780
592
6303
889
691
1246
3602
2809
9490
7047
9830
3995
448
192
5675
2545
2241
9666
5556
2513
6346
8950
129
9478
679
4825
8242
1550
5185
8980
880
6356
1465
5888
412
3360
9006
3491
8129
6814
3850
2101
5139
2269
8018
9461
1769
5444
7811
9512
5117
182
9100
4027
4766
1056
8660
9945
4470
1427
2340
3087
8820
660
369
9481
8636
178
4447
4665
974
723
8325
7294
5238
9308
9984
5931
6572
2689
4589
5961
1401
3457
4642
6547
2462
1824
4695
4210
6765
1015
2327
8837
9651
2035
7014
8810
4189
887
585
586
3875
9485
2014
5041
52
1158
6506
4026
2393
9303
4267
8560
4096
4423
4931
5759
9822
2129
8958
9451
1775
4442
6250
8461
1316
329
5291
1545
7942
6735
4312
313
7105
501
2999
1040
5274
5201
633
6827
1368
5779
4971
6794
9221
8211
4764
3484
7776
1231
3021
5226
8938
3119
4337
3716
2041
7815
3444
197
9563
1356
3589
8718
8134
8906
2472
4626
3165
6702
1117
9789
3620
3310
5335
4107
9951
3877
2046
7905
4066
163
4770
7886
8556
1702
3013
7722
2707
5685
2622
4950
1785
4403
7503
5410
608
97
7849
5711
3082
5660
24
8116
4159
9817
9601
6650
550
1237
6553
187
7981
8480
7839
7612
5895
2720
2370
8093
1
9457
5957
9114
4260
9409
6494
8741
1419
3555
53
1815
8222
6531
8054
4736
874
9074
9118
9374
588
973
4397
5486
2893
8454
5761
7206
1994
4584
6516
5713
9892
6229
758
5661
5478
7400
2823
194
5636
3526
9763
9664
6051
383
8736
9480
71
5506
8899
7383
806
4295
5387
4506
6034
8104
5382
7076
5700
5883
5879
2198
7011
9290
2253
721
958
674
5600
823
1244
5469
2298
2762
497
3241
3676
9737
8816
7201
4906
1322
9627
5698
4562
4296
4316
7887
6125
7071
204
8519
5788
421
7983
8354
6106
6238
8655
2824
701
3376
5233
2866
7253
7370
9703
2144
4696
7952
1471
2625
3203
2094
6847
4054
7824
8210
8202
3468
1243
2977
1082
5546
8493
9342
4347
9299
5940
2698
3409
4805
8548
6204
1927
3390
5791
4
9369
6623
4045
944
3493
211
5792
7517
7195
183
5252
6600
5796
2526
309
9327
6691
4170
6558
8627
2195
7922
9713
3908
7580
1517
6811
5008
601
3625
2374
7222
9076
105
5058
2535
5085
3910
6318
1175
4232
227
4985
8136
2130
5849
9943
1759
9854
2208
5894
4419
8280
9384
2013
3131
2200
8483
5454
8458
3074
8255
3787
2618
2281
8337
1744
5958
3553
7251
4762
7679
9605
8021
5455
4645
921
4449
9240
7968
1177
9811
557
7527
5634
8218
671
8045
1103
5025
9840
3712
3711
5216
7237
9825
6202
1757
9647
4067
5199
1565
4866
7061
1060
5035
3460
6665
3009
6164
35
5913
3072
7586
6124
6047
6278
6718
5676
7778
8497
5179
9185
986
7351
8282
9345
1599
5816
8366
7329
6688
229
9896
1788
4652
2674
1425
4292
7064
1044
7822
9592
8767
39
1017
5515
2051
5375
9565
3396
6205
8248
7529
7551
4029
8399
4197
7585
9697
4841
8581
4285
3226
9062
6498
8428
2540
9448
3660
9467
1300
8344
7885
642
1519
5231
6271
2800
4126
8279
5680
801
8152
6307
5561
1870
3763
1390
3110
441
2248
8860
6085
3960
5178
4336
8745
5118
1490
1569
3959
811
1261
3099
8226
2507
933
7128
553
8105
7589
9503
9440
6227
9359
853
4922
9387
1374
2332
910
5979
3101
9310
868
1713
8765
2165
4000
8838
8114
2794
3379
1696
8588
3124
6887
9716
632
5733
5110
5138
928
4966
3833
7634
4202
9157
4434
518
1199
5087
240
2806
2609
9133
6427
7238
7877
4839
7362
6288
2665
7819
4885
3023
5300
6396
5610
1725
9939
2033
6198
6172
2350
3700
7667
6112
5991
7034
8470
4056
3664
4948
9961
3156
578
276
9681
2222
4041
2366
7254
907
7823
5673
1303
3420
4315
1928
427
4261
5068
5202
3137
3185
7453
3300
5854
8404
9279
6073
5076
4960
302
1217
9555
1475
3517
9184
8997
1470
3431
3670
2255
5059
5276
2921
4047
6855
5289
7260
682
4297
6364
3178
2079
3369
6781
1376
680
3917
1413
3844
908
3279
7940
89
7082
8927
3972
3217
7308
3893
753
3978
1272
5845
2671
4900
476
4877
411
2062
883
2916
3228
772
3291
9160
6061
3506
2777
434
7850
5995
4343
6800
4480
3284
488
8393
4194
3105
6749
4817
6115
5726
4171
2100
5341
9115
6279
3430
4963
6111
5752
5090
399
3361
9620
4794
3938
6751
9243
1058
7764
3288
8118
5356
1816
8421
389
4201
1925
7281
244
542
3816
9170
2905
2302
6379
5893
7967
3866
1513
4426
6399
6132
7322
3383
1023
3609
2127
8818
5346
1641
4279
6210
6770
8886
3511
7763
5091
9996
7346
7334
8871
4952
6002
1642
2740
9670
7449
9313
5663
5644
6055
4534
6113
3907
6025
1941
341
7881
4187
4920
5838
7408
8141
2975
2172
2683
8066
392
9470
4153
1672
7594
2785
3047
4220
7187
7742
8515
8870
7927
3801
699
9944
7854
627
1426
4335
7606
8705
7875
4633
6321
8952
3803
9796
3811
7490
9234
9778
745
1370
6444
7193
7813
2042
9635
5760
9836
9152
2922
8028
268
1345
3043
6324
3734
6432
7616
8175
2738
2729
1803
2152
3113
8430
2578
5946
1539
5858
7816
3400
8965
5626
4460
4139
3014
4309
5590
5242
5597
140
3041
5371
4532
4995
9396
9085
5566
4977
6624
8378
3688
3295
4967
3697
4497
4848
5056
2704
1421
7087
4834
6032
6822
4622
9427
7797
5526
4048
1271
9838
9559
1346
4394
5617
8726
8621
3067
187540.6574538938
