9501
5409
6110
9588
9110
291
358
7011
8256
814
5968
2560
663
4037
3257
6388
9106
7077
5763
6138
9239
1518
7897
2063
9642
8810
8159
8951
9540
7841
5973
7634
7718
8267
694
8305
5037
4603
7506
5684
8532
736
7068
8675
4580
3645
9839
9117
581
5769
987
6275
9057
438
7533
3520
3485
20
7020
832
3372
4916
7027
9668
2920
1833
2010
5567
1310
7934
6300
2153
4308
5279
1490
9982
1233
5351
3026
4148
706
7200
2321
5795
4817
6527
6162
7728
6981
3960
8261
2655
4946
7970
6716
1171
4941
6099
869
1523
9968
8560
1708
7859
896
4782
2619
8894
7959
1725
6827
7265
5844
7087
7278
401
8303
9485
8674
8091
4716
339
9809
9457
7049
9998
2344
8088
5001
3850
3965
4674
8076
119
827
9718
4824
4709
5374
4732
1100
374
5202
7813
78
6239
7329
2340
2658
9098
6041
5137
5479
3176
5868
2287
2611
4082
1672
8196
1851
6954
5301
8219
6603
8437
500
4484
9419
675
6271
9986
6530
4257
2976
7216
2274
6810
435
7876
1508
6894
3462
9124
8454
7809
1130
6027
6513
2571
2291
2200
320
6627
6967
9664
4875
5468
1359
9521
2024
5916
8646
3889
9520
2004
4775
6509
866
1859
645
4066
9127
5483
6664
8039
9193
8526
2614
7095
5652
3209
7161
2776
5667
4706
7139
2732
8983
8498
5049
8574
9274
8859
1460
7482
2687
7591
7997
6856
7616
6466
4187
1094
7986
5302
7405
1645
1451
8322
442
3417
7878
167
7302
8034
1956
8706
4395
9897
1839
2400
7019
2360
5912
9414
7460
8529
5573
6571
2472
1302
304
5340
5913
611
3468
7742
7537
4904
9837
1635
8095
3605
1468
8089
2120
6936
2699
7325
2115
2185
8043
9526
1904
9925
1913
208
670
5664
1579
7001
4426
8687
3165
4081
6362
2677
7404
3576
1654
137
7182
7428
3693
8892
5782
2821
2713
5240
6523
6489
1433
68
2044
7868
4319
7187
4373
1370
7639
1285
6990
1079
2140
3021
7364
6883
1174
2907
2382
4699
6084
1552
8694
4095
4218
88
4029
2546
1270
7318
2373
891
6492
7075
4749
4777
7320
4473
3866
9425
3443
4300
7363
2893
3674
7888
5457
419
1371
9902
8929
991
658
6626
7463
1129
886
8544
8778
7010
8044
2540
4735
1641
9991
6657
1299
2058
1620
7896
3948
3031
6592
3321
2708
5070
7319
7816
4656
7684
1312
2784
5218
1663
501
2399
2095
3192
2955
8186
483
1660
4275
6835
6091
4223
422
5096
1889
3713
1042
4828
5852
6468
8226
3100
4948
5551
5289
8990
1995
76
4721
5568
1138
5124
7299
7403
6166
1546
2973
9739
971
7036
4289
6764
4342
6872
9755
7147
8477
4442
4896
2875
5628
2338
6169
5683
7563
1676
8146
3702
8134
7472
3421
5943
2957
2062
3913
862
7378
5414
6393
8459
1769
9693
3438
6210
9794
8956
7818
2855
5136
1798
8334
1333
7514
6297
1156
8771
3845
6813
9488
2676
9329
6948
9183
9534
3689
3900
6167
623
5380
4358
7505
6553
7958
3152
556
5432
5086
345
4019
7288
9969
6944
3198
5222
6751
5239
2729
7905
7434
41
4195
972
5259
1661
6452
5528
5127
7191
5668
9832
1694
2053
888
614
1837
4551
8154
1304
5813
3969
1530
8002
8109
3690
2231
3680
5836
5068
1627
5698
7770
5746
6955
2903
1222
9864
5493
2092
9408
1413
2678
9276
8945
3504
8391
4232
6231
9398
5617
4103
7772
7286
5985
1785
1023
5018
9040
9151
8284
3161
7084
7306
7342
3517
7180
1115
7565
1316
1323
9498
1740
2295
1606
9872
5834
5847
1475
3844
805
6286
3301
6301
6878
3423
8087
2577
5686
5504
9682
9405
7885
1391
2601
3264
4587
7012
2016
6987
8470
7758
9147
8057
3869
9760
4292
1966
5196
385
2916
9535
2086
6873
7785
2413
8266
2404
3235
9241
3452
7408
4530
8337
1780
9904
3752
6179
5214
8422
2898
6898
6723
15
4574
6102
6937
3908
8432
2790
8273
1736
9460
8131
3303
8218
5994
8292
6053
7895
6070
4693
9570
9234
3008
7686
1282
8199
6555
8436
5304
51
1058
6927
2859
9062
3227
7245
1195
408
2079
9689
8718
5264
9288
9462
6068
2028
519
275
52
6449
2666
7909
5486
4521
6012
6198
1327
3087
4322
5458
2122
1088
1127
7371
6016
8204
2575
2971
4881
4063
5291
4130
910
2789
3054
683
8010
4354
3500
333
9658
5170
367
2144
955
8037
1809
4879
7185
1758
540
6338
6438
5446
4884
601
5659
9384
1871
98
9251
2806
7648
5445
4018
2744
8813
2251
8943
5159
230
3554
6543
7304
4360
6875
4569
1712
5052
8759
720
928
1447
7037
4945
5816
5341
4974
1048
9914
3428
967
897
4601
722
5243
1510
8656
1686
6463
5500
841
4971
6799
9640
1814
4028
9507
9128
4640
3840
147
6583
2072
8171
5951
2983
6260
7911
3090
6812
6604
2011
4259
9524
6149
6756
6329
4017
8528
9141
8537
402
1015
6930
6995
9300
840
8281
9607
8168
3088
9480
4235
1356
9888
6325
1061
2992
9465
6753
9936
7629
6229
7952
7943
4392
6737
116
5162
1789
4153
5775
7511
9479
6679
646
9631
1390
5334
9198
7393
7379
2879
7470
3325
6038
963
5425
5143
2067
3562
463
4355
3906
7039
6762
2141
9298
4906
605
5186
5676
9975
2034
3346
4263
7712
7382
3214
232
9209
8840
4509
4452
5549
6264
5841
4883
4714
2522
7704
2029
9525
158
6258
4124
3973
7432
2500
1923
3968
4237
6515
7150
1726
9331
8395
5963
1193
3263
6414
6957
946
3742
6124
6968
3280
8378
4056
2559
8165
5887
6112
4347
9325
7144
1020
2059
496
5426
4987
9877
5919
3305
1590
1465
7829
2521
2856
459
6779
818
5612
2056
7183
917
902
8592
9217
1752
4293
3874
5982
283
462
6244
3716
9456
7692
6146
6891
6309
7631
9590
6206
6254
3392
3858
8374
2256
5450
9492
3159
5005
1116
8340
1547
547
1255
8610
6371
8175
7313
695
9148
9916
7880
9236
5706
2334
7963
2127
3320
3528
8623
7638
9951
3683
6225
528
8969
9159
9009
7355
6032
769
3937
6708
3622
5609
6974
728
4311
407
4146
8777
1980
2548
437
7126
735
4212
3191
9169
2958
8660
1844
7942
6547
2829
1087
294
3317
9427
5207
8962
5603
4049
4343
873
99
7669
1818
7572
7725
1899
4960
7421
2847
9885
8912
4926
4411
2564
9045
2109
4136
2964
2462
9974
7464
384
980
8935
9326
9125
7553
6675
2849
848
951
4615
968
7882
8092
3978
3635
3567
8500
7112
1306
4518
1197
4677
5732
1722
8491
9874
6943
4463
5221
3322
1085
3581
3218
4379
9108
8304
5236
2317
6419
4409
3809
8178
4432
1013
887
530
7110
1044
6222
111
9666
1375
1735
1107
7566
9001
2017
1562
3939
6314
7870
9929
7504
4966
8301
6842
3124
8490
5390
9722
5295
8659
7291
1922
3990
8262
7874
5403
7764
5474
6064
448
1017
555
2383
406
5672
5002
4118
8494
7864
6556
1065
3585
7518
2852
9581
4846
9227
6462
7213
7074
4934
7685
8349
7849
5164
9019
7177
8255
3022
9883
4297
3440
1487
4431
8672
2739
989
9320
3519
6869
920
2442
579
4030
5072
2584
1145
7340
5323
1611
4900
9256
7512
6904
3729
1658
7188
9015
157
9314
1760
1636
4470
7542
1886
5791
9996
7653
7173
5151
6306
6674
383
5541
3552
9720
1571
1732
3056
6828
9842
8197
1003
7746
8601
239
3940
2183
5946
2592
4419
8535
133
9949
4324
8045
4514
5478
7946
191
4836
7598
7840
386
8958
3609
9820
388
1069
8372
5990
5867
1615
7819
859
5848
7582
515
4190
7006
3220
7969
1504
3718
5248
5161
7398
3852
781
1630
8579
5213
4827
9392
1810
4730
3050
7261
8740
478
4855
4609
9601
8450
6240
3091
3356
8690
657
2747
8708
3994
1234
2978
5864
8589
6805
853
5247
4288
9468
7246
7088
3864
7910
7787
3872
2125
5077
1898
7940
7250
8607
1236
8263
6855
3245
184
2469
9660
6727
5793
6817
8352
3261
7303
488
2173
879
6085
1039
7345
8944
7501
7667
2819
2190
1275
7988
6750
6879
6097
6392
4774
1324
1981
3538
8862
4097
8564
5149
7230
7452
7585
1869
865
3042
8210
2083
8633
9031
1629
2356
552
877
155
9559
3285
5674
3000
1684
8111
6494
2451
9200
1906
647
9834
6073
5449
7228
7826
8371
2031
2613
7415
3815
2464
3074
2088
3490
5132
1812
3566
6906
4676
2346
861
1012
85
1059
3459
2526
6573
8901
9960
7569
8940
2894
73
4258
144
3194
9943
9491
4561
4233
2145
3597
933
2473
8927
8025
4522
9054
8830
1687
366
9142
3947
506
412
790
8046
8480
2290
4181
1086
6344
5720
2634
4579
5036
5061
978
2428
1637
3039
7296
1471
2459
4109
1139
5270
243
7239
3849
3355
9716
1747
4007
3304
19
5130
3075
1567
7804
2502
8586
3870
6676
5389
316
4469
7789
8768
699
473
3013
1507
1727
9500
3795
2981
8798
5629
4274
9366
6047
4249
9598
4998
2691
7414
6780
4278
0
774
6334
799
7845
3068
1474
5559
1525
5238
4483
1901
90
9173
363
3571
5232
9989
3012
4378
3300
8277
8307
3550
4968
3427
7254
1362
2134
3385
5441
2933
7891
8258
9983
8806
3856
4287
1160
5974
9903
2224
6919
7703
608
42
6320
1928
9335
3781
4312
4117
2179
8650
2897
689
5915
6490
2706
2
2516
9357
3611
3694
2626
6150
4387
568
4464
5920
1417
8332
5097
5073
2018
8696
1858
2759
3085
5013
3545
6929
5566
4135
4650
1598
2543
7782
1532
1443
8173
3199
228
2737
6852
6903
6475
6316
5556
1340
298
4127
9549
3988
8595
1713
249
9255
4279
8596
5712
6632
9946
4193
898
3776
1800
7990
297
4351
7978
5595
8271
9202
7557
5038
5314
6283
2639
3177
4098
7122
3425
697
9041
1493
5139
1766
9443
2467
178
1848
7630
9643
6143
9238
287
3105
7675
9097
9344
3837
404
1977
3186
3717
1239
8788
8563
2342
7534
6159
8493
3685
3028
4166
6552
930
7062
9650
1783
9417
8310
3631
4585
6212
3007
825
1120
7835
8688
6450
9727
8723
4376
8184
2841
3408
9768
4179
9952
6039
2465
3993
5427
5986
6127
4027
6092
1000
7046
5533
3636
3115
5141
1559
7792
5934
3062
4353
70
4203
1227
8536
1985
8142
5288
4096
7877
3692
5407
9775
9218
8035
3565
1326
2743
7596
8994
3188
5442
8786
5415
1346
91
7714
3284
1632
5191
5157
5116
5545
1071
189
9641
6327
1444
9907
7108
2501
1325
7128
5910
9375
595
7521
7372
71
7749
8423
6024
6505
7385
381
9053
8127
7065
9604
7025
9304
1902
4506
2803
5290
4720
4646
6256
4572
5039
8796
497
3259
3313
6511
7247
6484
1354
1424
5410
6399
7292
6095
2362
5066
8655
3001
7855
4532
5345
7665
1144
9890
9021
4384
686
8151
6696
380
4160
9487
9332
5965
7035
5440
179
2647
6359
553
9710
2557
837
9120
8515
8634
2202
2358
5203
570
1822
7872
2130
4618
3415
1774
1231
2982
5596
569
1864
6598
130
2026
3215
2494
260
3735
5874
2998
6131
6790
7238
5608
9477
1823
6412
7679
3624
5952
1895
7945
7435
1461
9253
2965
9541
8036
1754
6017
966
692
292
1311
3331
3262
420
4957
3933
2871
9992
1820
276
5577
325
644
1520
2027
7915
7222
793
2441
9018
2038
7919
9440
9035
1450
3103
1521
2533
7559
4671
3532
4888
9878
6122
9138
2486
801
8959
2264
5134
7552
2446
4887
9994
8749
2315
962
7009
5914
4252
1666
7892
9048
7979
5873
8658
2697
921
6194
217
8090
3582
2962
318
5265
306
3444
1336
7334
6792
3290
6458
5756
60
7964
8877
7593
1446
3952
2151
8461
1983
3122
502
5764
789
5233
9105
734
6315
1950
4799
6343
9777
527
9431
5822
5983
3848
8441
3382
5094
3345
3150
2435
576
6055
9237
6730
6418
4776
5941
5428
7745
3196
787
172
5514
763
4869
557
7700
7159
4075
1337
639
2393
3865
9192
7312
8384
4417
9677
6317
4612
9912
2900
5620
209
4284
7028
8980
9577
2657
4917
1640
5448
9653
5322
7902
1135
1149
117
169
7339
8434
9458
6518
2818
7327
874
9356
3283
8627
6208
9589
9005
4979
9176
4321
9649
9513
8068
8100
5258
92
2650
7008
6121
97
5537
9171
8783
5678
2581
2234
8475
9301
5235
6188
9083
4220
2082
7446
9349
9481
2282
8427
8005
5280
1619
7407
6178
8221
7604
6840
5211
3362
8286
7811
3216
7203
2484
4107
4368
4644
6165
390
6409
9715
3972
1937
2268
3348
4072
1621
2113
3195
936
8508
1854
5212
2733
5277
2503
5254
5830
5007
9609
7040
4401
2757
3170
2721
4494
9152
8400
2051
8856
3756
7160
6673
6783
5362
4697
6997
2817
5338
2872
6482
8609
3703
7471
6436
3211
7974
4665
1298
370
3807
3817
7887
9703
682
852
3660
3667
9474
6318
6630
4492
996
9886
8443
3564
9947
2921
2292
9121
9214
7332
9924
7795
7401
9461
8995
8040
9948
8439
9551
4813
2089
3919
4482
9757
5316
6
8360
6202
586
2772
3067
4154
7097
8299
2380
7546
6616
4149
8403
2775
6853
1187
7600
7018
8825
7438
2674
2824
48
4851
1405
2641
7708
9258
1962
2075
1373
3511
1434
3292
5660
831
7781
6912
207
6743
3252
1452
474
2653
7338
5447
1593
9116
6588
5368
1719
3647
2804
9037
3979
2064
2410
5469
1668
9323
8428
8481
6205
3615
9511
8657
3833
8842
9921
8404
8534
9266
4226
7366
6662
5296
4635
3037
4060
7375
7560
9781
5785
9222
1166
673
9059
379
1218
8105
5480
981
6478
6347
195
6207
5146
428
2263
2996
5406
9935
1008
8420
3279
2679
376
6410
5453
6516
2527
9622
2927
6335
7192
9977
9705
9025
6610
7820
8553
464
6558
5358
5350
3744
6497
4105
7920
6935
4685
1192
6659
2867
9922
5309
3019
5371
1718
6203
5394
8790
9539
9919
4022
5918
7760
7513
9554
7549
4476
6821
2313
7525
2738
6021
4692
4210
1638
2250
8870
1788
2585
5023
3228
6067
461
9351
9336
5089
2111
4205
3958
3760
662
3033
8713
1377
6781
6607
6893
3003
6176
5517
3715
6578
3109
6796
2489
355
2436
7883
2233
9316
3782
153
5784
8785
8179
773
9662
762
4965
1700
9306
3930
6278
5158
4834
8283
7453
1522
587
3899
1519
3975
6907
4164
202
1588
2215
5075
5991
6137
1816
4041
8964
2979
6950
8704
8597
9713
5781
1430
2515
5220
9224
9871
4114
8639
1209
3699
5936
8624
7331
5178
1589
1392
7626
2719
7448
4683
1915
3946
1841
5379
7279
2453
7913
8021
3288
1297
277
2636
1250
282
4314
8898
521
9829
9774
6913
9466
3658
1081
4950
7388
9771
5299
5485
943
5734
1097
2777
8172
7951
8467
2433
5386
4696
2229
2143
8229
1084
7455
5615
3902
4742
8540
3045
2663
5807
6113
7141
7218
8608
5891
4159
4186
9078
8744
9310
6621
571
3996
3210
6672
8557
4306
4816
6524
8085
624
6586
4099
1505
5866
8017
7966
4876
8202
5739
1723
3708
3219
546
9618
216
5231
3747
5050
6969
7861
5591
5896
9792
7043
8129
4079
3977
2528
5046
8996
4910
1002
1836
5557
281
9854
5790
1264
58
8350
4144
8250
8027
2424
1768
3118
8272
2837
3336
5325
5459
6019
4806
5685
4076
8370
9900
5312
718
5315
6033
9802
6404
5779
7831
9518
1500
2544
4449
3376
4196
3649
3134
926
6417
109
6921
47
7627
9624
1959
8324
7181
421
4282
4597
7655
600
4438
8886
7344
4462
5960
7744
8056
1105
6265
9333
3686
311
9632
5056
1389
1237
95
31
3639
5225
2704
4679
5375
1435
7830
5332
8928
4309
9725
4295
4537
3551
8667
4622
4499
8050
5105
6204
6851
6086
6369
6328
489
4858
4238
3163
6119
783
984
9911
3016
1119
5512
5970
9174
3628
6238
4877
691
1024
7674
4147
5397
3071
7786
8620
4583
9394
6285
4045
585
7578
3898
4455
1793
4474
3036
198
8289
7683
3770
4736
5743
678
666
4069
2236
2411
9430
2348
3380
1516
4298
4273
5996
8734
1614
7800
7253
8735
1920
850
8369
1066
2076
2934
2683
3531
4690
7050
8137
3082
4490
8358
26
7579
5805
4086
4318
5704
1691
3046
2429
6720
5228
2001
8809
6920
3970
2080
3608
8803
4006
9776
4015
6111
268
3932
2093
4053
3467
8359
1232
6887
9884
1
4535
7248
8136
4137
2377
2569
7556
6395
9240
2588
234
2418
1890
5128
3661
3369
5957
6982
1290
9134
3547
7757
2587
8008
7649
5167
3314
2013
3821
8811
353
4416
7082
7709
7651
4093
2206
5972
8344
9673
6014
7998
8725
6125
7727
1406
219
2796
8269
1933
2412
3086
7886
7603
5148
6460
1921
8274
6732
5071
6134
1419
7140
321
932
7904
2310
7395
6843
9881
4363
471
5177
2138
5396
8824
834
114
1378
6686
7755
6635
8555
7341
3931
4734
3171
2395
3534
8264
2748
5631
2209
3687
9605
9773
771
1613
3758
4567
6349
4794
4778
6441
5418
864
8890
4011
5820
1190
221
5091
1828
1540
4969
5326
4529
4445
1728
8412
8661
8881
5565
2371
8920
8902
6322
4031
8946
4973
2648
8448
6034
911
9709
8671
3882
4669
4793
977
79
3116
4121
2403
8489
2085
7936
2909
5310
1916
8585
7283
3984
6690
2136
4115
2279
5369
9530
9956
757
4176
9853
7143
9165
2610
2833
6784
4422
7948
5669
1709
5042
3834
5518
6006
9387
8183
7734
5701
3310
9122
7176
3063
7457
2057
3357
5200
9191
3450
9695
8519
9804
2456
9181
6703
1786
7264
2194
2392
9790
2529
8425
4821
8279
6089
3638
5884
9367
5817
8225
6274
7198
299
9681
5971
6499
2329
1576
8947
4390
3274
811
9010
754
6700
9744
2994
5274
1743
7301
1777
8224
7054
2289
9875
3475
6966
2065
7528
6580
9785
4713
7337
6087
7443
1714
1905
6331
6768
8479
2972
1007
542
9469
1028
33
9084
7808
613
1555
2458
9623
5605
1161
9160
9219
8421
3839
4600
9137
6724
7076
9034
2753
3832
2146
8155
2989
3353
9352
3236
8176
4621
4225
3509
958
4519
8850
9655
9303
3276
4658
1999
8077
4471
3910
6726
2649
5328
9086
9379
1408
1027
5484
4454
4307
6277
2700
7660
7932
3144
6890
4228
5022
3580
7802
7280
4131
9179
6241
4751
5633
7092
1439
7005
3226
3370
290
9149
1248
4016
2479
7426
674
6590
7854
6854
6643
1134
5499
812
7284
4737
2652
957
4602
7157
9654
2816
6917
7774
9600
6251
6668
6712
4371
4359
627
3727
1367
5935
1961
4511
7526
1863
6557
2707
7698
7118
7517
4549
8492
8888
7743
6080
9017
5738
8578
4173
8072
9745
7716
9334
2131
1926
5393
5754
5118
9955
5361
4925
8011
3457
604
1856
2949
5101
9194
5055
8253
1331
6069
7232
8724
411
1891
9046
4320
7769
6519
3822
7592
9993
6706
4531
8015
9848
8060
5311
9330
6731
990
5777
4967
5444
6900
4984
3183
7346
7381
4809
1131
668
7635
4227
8174
618
4791
3233
4871
2281
9264
2685
8625
8737
747
1064
1021
8471
7151
8626
4862
5886
8240
5859
918
5675
5419
149
4687
8318
9441
3963
6130
2133
3905
3175
1157
9762
8003
2021
2364
2303
8827
9841
1646
7376
5080
9317
5558
1478
2228
6182
1692
1775
3943
6793
6000
4988
4880
5337
8950
5082
1649
9828
8905
3158
6004
7412
6154
5759
6584
7400
5670
4563
6602
1861
3387
1303
4882
9584
5640
4989
1173
7425
2101
4134
9324
35
7989
3166
6100
213
9866
712
5650
3180
28
9610
6228
5260
1077
6115
2210
5939
3489
1929
9701
7851
1797
751
3419
5017
1544
3363
5021
2177
5273
7116
4570
9287
6171
8934
985
6402
7903
5922
9445
2756
3106
8033
2645
8067
8311
1572
3793
9432
2164
8069
8863
6829
4835
5625
205
3806
1536
8465
6807
9099
5180
8191
6464
4937
416
4873
8366
6035
4161
223
6255
5472
9733
3805
415
2216
4863
2323
4406
3277
1919
8915
9970
4541
6219
4918
3212
7594
3040
5800
3146
2945
2046
9346
17
9606
5958
8812
8904
1701
5034
7272
1531
6689
6075
2780
8961
7489
1164
3981
3745
4642
129
5088
8018
6237
3418
2114
5285
8288
9788
543
6911
8730
3721
3350
5980
2711
8026
3887
356
3297
4122
1369
6652
3901
2427
6472
8917
6861
8922
2809
8135
395
5708
302
469
5643
6537
1211
6227
3432
919
4890
394
9047
5520
6107
5092
2993
1653
9056
2874
2624
8162
2805
2417
6173
9510
923
9544
1763
1108
6605
9858
1179
7374
176
7078
3888
1046
7409
3260
4559
1682
6469
2960
5924
6778
5607
9072
3501
8868
4929
2598
2506
4062
3204
6180
200
8000
3936
1459
6348
9579
5104
477
6377
8124
8473
9340
2374
3886
8594
3820
7293
5714
5903
6640
241
9372
409
7163
2662
5461
5492
4958
1647
1680
5702
5880
5534
2255
9564
1235
3358
2293
6103
8851
4365
1053
5696
5663
6823
1363
1541
8098
4825
6642
7827
2203
1742
2032
2337
1537
5016
2795
6281
7474
739
9763
7843
164
4797
7790
2170
8285
3077
4123
7422
4046
8821
661
6606
6683
4480
4980
4090
6184
4059
6066
5776
2768
1991
2820
7980
7779
4924
3217
6333
498
7608
399
5107
5395
749
55
8989
3136
3476
628
8424
5569
6448
8820
9328
8695
3521
233
3431
9064
526
4199
6215
9767
2735
69
7251
5550
2698
4174
7623
3208
7726
5761
7706
6193
9283
2261
9778
7812
1372
4649
4681
2214
2656
1707
8431
9342
4935
564
3746
7857
3976
6401
2504
6057
7547
9370
9292
3942
4485
4907
8121
3502
6282
113
8733
1151
5778
4425
6765
3491
4838
3629
2786
2570
5234
8753
100
1624
2294
7085
2654
9063
4755
7451
5630
224
1543
760
457
513
9079
2730
9846
3447
9915
2931
8542
4830
2845
819
3101
5815
7587
3743
5120
2710
9659
1056
6030
6949
1380
1488
3847
2265
5563
4953
7481
3695
4009
7258
8278
6960
9751
2277
4087
4781
2284
7544
2967
5543
8728
1688
7756
3558
5184
5930
1407
5188
4815
3541
8755
9286
2218
8619
240
3154
2787
892
1205
1292
1827
1703
3049
9042
7606
7750
9472
8872
703
3494
588
5111
7353
5788
9860
6380
4194
9697
2186
2425
1610
5185
8047
7465
782
2518
2445
6336
3525
8668
2440
7328
2532
1542
4209
1498
9731
3413
1699
8758
1466
2090
3271
1669
4407
6191
6970
7117
6185
5560
7190
9080
8848
8815
9299
7124
4182
8207
2651
3312
1029
1328
4897
5271
6400
8187
8611
4842
8235
317
102
7072
7219
5058
8482
3600
2913
7148
8406
5044
3980
1664
4516
2566
532
9155
1677
3349
1277
7260
6684
2950
856
1083
9634
2834
6637
7588
9175
8800
7724
1339
2142
3202
3966
1548
3078
3704
3862
8445
368
187
2910
7133
6177
5110
1480
7155
561
2615
2986
9136
6062
9967
312
4230
3938
4624
4167
4770
7568
5905
1022
6744
2969
9595
7402
4389
2709
3458
4299
9269
1575
6324
1177
871
5856
3961
854
6614
1165
803
8405
9800
7104
2102
7801
3819
3688
9216
6065
9093
9503
4034
6624
9365
8195
1414
2061
4562
3141
1693
5831
127
5542
8669
1207
2204
2191
794
4861
9738
8653
2940
8897
1947
6939
2166
6617
2439
5481
3956
8731
8346
2617
3249
4725
9787
3682
512
7738
2182
3777
5027
6356
6015
5894
1888
6698
1782
3182
9082
8066
2169
6742
9910
3518
6002
5373
9132
9051
8438
7999
8993
6385
2299
7571
8209
7898
7862
5477
664
2482
8193
836
5210
8440
8464
889
4057
2230
3751
5012
425
3306
8365
7377
8760
4610
1563
3032
1343
2260
4653
7815
5938
1458
8014
8096
6224
1040
4152
3640
9545
4568
7646
2306
8957
5511
1273
2562
3402
3296
6408
8932
3361
1278
4788
7561
2508
5682
6341
8801
2048
4520
2408
452
5497
7227
2553
584
2307
5878
1125
9795
4050
1887
3434
5335
9024
8681
3112
9442
7860
334
8112
5360
5436
8701
1026
7681
7823
883
5801
5700
6310
8302
3723
9769
7807
3429
8387
2078
9857
2000
2285
1715
8972
9905
8198
29
4792
7462
4659
4548
5602
1924
1320
8814
5154
1813
2954
4802
5632
1729
3197
8879
1745
9153
7145
1291
3338
7236
4448
3178
1784
3414
4336
8907
9008
6123
128
9917
8680
5048
8884
476
4061
6876
1943
1315
2094
6915
8161
509
3493
2132
7022
4002
466
8838
9401
3610
5505
2379
5163
2937
6816
2749
3316
1152
7507
8457
4350
5796
2488
171
391
2167
9784
5515
2810
885
8125
6563
3586
9453
6594
8511
3769
2792
1181
4065
1689
1421
1240
6638
9586
1907
5435
1609
1843
1846
5911
1385
578
6529
494
6528
271
8144
3983
6535
5976
3601
2605
7456
7791
465
6658
2842
6013
1393
9850
7317
3383
2389
9824
369
5638
4598
8341
5100
5893
8130
2925
1975
6825
1073
680
156
4780
5347
9201
6559
7519
9724
5840
8236
2659
6520
8042
458
753
1308
3953
514
2008
9599
5076
6040
8343
1865
7172
7323
7666
9537
5858
3015
7090
1998
8472
5945
1757
5190
3410
2597
6867
1601
9378
174
9597
8379
3430
5308
3616
4854
510
8333
7894
8108
7056
4740
3915
6597
168
7066
300
4997
6670
7935
8206
7981
7142
9343
9032
2124
4853
7032
9575
5000
4296
4487
4269
6052
9211
2946
1038
9050
1551
3895
6886
1361
9937
8024
7702
5979
4202
3244
3386
1877
8775
8530
7212
8756
8339
9764
780
7695
7295
5984
6644
8049
2807
4823
5175
7798
3987
9797
7605
1223
9210
2853
7459
2351
18
3619
8052
5978
286
4700
4686
1741
152
4542
7641
8781
6820
7419
9077
7865
8707
3465
1497
7023
7270
1358
1141
7589
400
4361
8150
7174
9957
3162
4992
7621
6090
2620
4380
2071
6777
3843
5026
280
5498
1143
4814
413
9817
6901
545
7873
2437
2783
5825
7644
9383
1545
7949
8732
7650
4286
5140
9068
9779
2357
265
9228
9144
9726
1482
3061
4955
63
3222
6321
4369
1603
4981
5964
3377
8670
1485
8918
7610
905
8117
7628
6738
3127
6565
2205
3679
6802
522
2091
1595
1918
4911
3857
776
6709
5786
5422
6581
3677
2918
5405
1900
36
4645
2572
362
3539
8242
3860
3579
5564
1349
5649
6216
3885
4889
4595
5045
6747
7479
5747
4089
3426
1884
250
797
7115
5634
8190
8153
4961
7300
1501
66
3094
3989
7098
4042
3254
5063
5084
38
1698
8988
8320
9454
6077
9611
1309
6470
1986
4329
7543
3922
2055
8913
1150
9620
8818
5125
1182
4051
9231
5114
9894
1897
3157
1467
8476
1092
4440
1005
9172
7921
7252
7794
9529
6839
307
8514
4664
82
9429
378
4831
8722
5150
8882
8648
6755
6787
2084
2276
6398
1271
4003
4811
2266
4796
2245
8102
2014
6270
7134
577
193
8843
1801
4949
7298
5635
3231
9811
4914
5294
1949
904
4663
3156
7633
6145
5204
6803
4886
6517
6634
227
5590
8257
5524
2235
7390
6849
9742
467
8558
1265
4240
2405
979
2468
2343
3009
7583
8073
6010
5122
8795
6319
3578
1685
7784
6048
7847
8167
9038
6932
671
4538
8442
3298
5691
8664
9013
7233
3133
6844
7645
3732
5488
5728
7015
7184
6135
5208
3529
2915
965
4592
8716
1364
9376
326
3526
2718
9882
3673
4110
6691
3928
5216
5106
5354
5811
340
3838
2778
998
1425
1802
8717
988
5381
9212
2327
5613
6763
5144
8955
4577
4994
6953
8754
1095
6370
2219
1557
6050
4986
3555
7042
9139
7540
8456
201
2499
5744
2483
8497
6326
2968
4908
2703
4739
7410
8028
3971
809
3099
8804
8903
1650
710
2675
7671
1675
3706
8652
3672
8992
2987
3470
954
5502
2919
4264
4803
8270
6342
445
3779
8875
9965
1422
2623
45
21
8321
796
7694
9849
7607
5955
1946
709
8504
194
9322
4268
4423
8550
372
3275
5651
7214
2726
3340
2991
8926
1348
3627
2069
1939
9363
6774
5540
1496
6120
482
4619
9313
804
7931
900
8241
3270
1441
4052
1284
5305
3243
3200
2602
5812
582
8866
7158
566
6364
5810
4599
7658
1626
1006
592
2366
6028
61
6749
6242
4931
2932
2401
1249
3384
3286
2139
518
4346
1168
8113
4783
5051
7529
8488
1404
2278
5774
7205
6211
8079
1617
433
4564
7430
8160
8748
788
740
1831
1925
7771
1313
2794
5554
5755
2600
3169
7442
1744
8099
4866
3167
9976
2751
2766
3974
6545
9246
729
6209
6923
9265
952
9572
9434
1534
8847
5376
5740
8822
83
7491
7570
8297
4433
907
9553
2196
8306
3710
1202
1338
8280
4112
7224
8410
7659
6734
7647
7391
8975
4942
9163
6387
5618
7013
9813
7753
8051
1206
596
4405
2305
7368
3724
1295
4576
6378
635
927
6391
431
7094
4229
9451
8883
9927
5687
5287
4748
6999
9235
1997
6262
4055
6481
7041
9073
6993
1253
6280
4544
3909
8211
1670
50
4947
8720
8963
2195
9070
2734
9482
2625
5451
2923
3342
1776
9197
7498
6983
2745
2137
8793
330
4418
25
343
4248
2309
2221
8584
1878
2077
5907
8616
9203
9812
1263
4043
7773
6263
6772
3420
4183
450
5908
9233
9118
6671
5476
5772
731
6767
8741
7132
9261
8705
2724
6407
1031
6918
1158
3102
8742
5064
5169
8581
4197
7249
6396
5057
3044
8791
3868
3164
8399
2930
3949
6480
9651
1599
4132
5223
2498
264
5298
2168
5610
6454
3319
6428
5931
3030
3523
7941
72
9942
3655
3954
3437
5989
8447
6023
3950
5736
7928
3151
3853
4652
3095
7073
8006
6740
5917
1347
9714
357
9823
9257
2956
8363
5679
9305
3474
5473
5666
8700
7939
4970
9704
4999
687
5727
3352
3583
8839
3700
2514
8486
4808
4547
6397
997
3775
4938
2693
3098
3132
3143
2386
2727
5434
3242
2345
4668
1987
2895
2779
1183
8906
9250
7287
9455
4000
1049
432
3399
1266
8986
7007
544
104
2033
3794
1396
8249
5286
745
5895
3108
9637
7763
1286
8836
4206
6226
1835
4184
3121
7722
9528
9284
2240
4372
6303
3651
5040
305
4497
4219
1067
4738
9633
5209
6613
9272
1967
4012
3404
1357
9835
3442
453
5339
8751
7538
4211
4021
5019
5482
1256
5879
6312
6272
1228
8784
6577
7710
8381
2493
6288
563
4977
9095
2889
3416
9271
8710
5330
1625
3588
4283
1697
6591
2884
9561
2812
2561
4772
5586
1533
6868
84
7294
8075
8729
4843
7113
5647
192
9845
3859
81
9112
4991
8629
2755
843
5152
9252
2701
1246
6158
3914
6561
262
2831
7101
6962
8474
6467
9377
931
8062
8468
6128
1155
9645
3925
5636
4085
7029
6536
5388
3573
5806
7817
2096
6403
5614
8999
7730
8415
118
8383
8736
778
9030
969
4903
4726
5494
858
5262
9614
8965
1096
2119
8916
8666
5802
4895
6806
2800
6998
3603
2590
2899
2353
4385
7717
3137
2525
8864
4867
1665
7424
5798
3309
6009
2980
8685
8547
3792
4349
8355
5637
5773
1527
606
3499
1879
5789
9868
4684
5423
6493
3955
6284
5377
3027
2320
3238
3945
2275
8345
8032
5297
802
8317
1479
1438
6729
5372
1305
7925
6374
9390
1761
7510
8819
7662
252
3172
6382
3221
6615
9831
9519
8831
3813
4447
8846
1787
6245
4155
9464
8571
7484
5944
6423
9308
6736
24
9855
6992
2452
5269
4785
7584
3495
4250
6243
405
4207
3802
4188
3017
1910
2103
8799
1616
1050
5083
1448
1344
6525
5655
3740
9748
1587
3318
1938
3904
1597
1857
752
4667
6368
3826
9358
122
9596
5882
4820
3926
4014
8858
7351
602
5863
2318
5024
6001
3359
9220
214
6266
5030
3053
4391
6426
2912
8061
4944
9049
4560
6477
6217
974
1612
5343
2694
7711
3750
6678
3761
3599
2591
8985
7652
6161
6491
1935
1790
777
1147
7266
7135
9791
7908
8991
7276
6902
2975
5626
3371
359
1470
5724
4116
4586
8510
3951
4729
4902
105
1733
4715
2808
6714
2039
7136
5641
1574
5495
6971
8973
4441
3496
6304
5455
106
4341
8181
4912
8645
7573
5699
3589
4201
3652
1335
906
2198
5401
7030
9938
8237
4804
1721
3184
6801
9663
2007
8523
9502
961
5353
5593
9446
3799
8640
8517
7957
1990
4004
4337
5677
9412
7033
2594
5194
1989
2043
8691
2152
1025
1379
9617
6276
6367
9397
398
9094
1773
2941
5283
8364
3570
9627
121
254
659
3055
444
9719
5762
8802
9188
8385
6549
5400
5819
7869
7838
2681
7620
1917
5749
3536
1332
6054
4005
110
2607
3076
1191
5364
5009
6081
7439
9516
8997
2690
2822
5085
9555
2635
4654
1539
5690
1445
9803
4044
9449
8194
7497
6964
8054
6514
9126
8354
1513
791
5999
2627
3360
607
7392
636
9667
2161
1057
2736
9901
9578
7384
2461
7322
7688
5799
7993
3258
5182
4023
6093
3823
7423
7619
9679
44
4262
1561
9058
5535
833
9995
3881
9190
3201
2074
5117
9543
3006
7370
7449
5843
9297
2997
427
9115
5324
3594
3092
6942
9646
1957
5431
2785
8853
351
3185
7676
534
9980
4761
2952
8325
4033
3549
3897
9028
714
138
4666
8394
7548
7871
4305
4331
7699
8353
1659
3678
7289
9061
159
7349
6804
3302
2415
5821
247
6612
5871
259
4870
3507
5255
1988
9177
1037
5639
8031
101
218
3663
5721
2396
1847
9838
2586
2126
5942
9635
4020
439
396
5227
4744
1047
5703
3060
5460
1934
6479
6666
8268
3542
5168
487
8635
9843
6192
5553
9259
5606
3070
6880
574
4328
9747
248
5195
5824
690
4291
5215
7721
6985
2147
4126
423
4555
3153
7693
9291
4332
2668
7640
6421
6830
3282
2402
3827
6965
6247
8244
8845
863
3766
9281
1495
8844
7502
5370
251
730
2917
2431
1341
5348
7433
3374
650
7071
7476
3738
1511
7545
9692
3986
5827
2123
6752
447
1365
5646
6108
154
2172
8328
5095
7362
4175
7866
397
6699
4402
8978
6910
3957
4377
8776
4768
9934
4701
5711
6381
2003
8938
5506
3798
5961
5947
8636
5250
3863
9945
6498
746
5594
8599
2326
2550
7416
6508
8602
8487
6647
9661
3111
6526
7748
5033
4133
6189
7663
7956
8502
7737
8064
7234
6693
537
145
5750
7696
1678
2258
5599
6650
9698
4571
3401
4408
5808
4605
6681
5928
6432
558
5598
1512
7427
7137
4623
8899
2463
1908
5694
6888
4557
844
3038
9270
7038
6197
5206
8413
7618
293
7431
3754
5003
867
7467
1778
3239
912
9816
6389
5673
6841
6144
1118
9782
9580
9743
3508
7386
9130
6895
4786
677
3123
5224
5025
3720
8012
2242
2460
5363
3142
6941
4496
86
9294
1113
1281
6660
9496
9732
1524
6139
8833
2774
2537
3620
8678
2199
6007
8860
2660
6567
7797
9195
8773
7850
5705
2269
8152
7611
4746
2178
7968
9267
2222
8726
6760
6424
6031
9770
7411
3287
9625
4678
1753
7052
7899
3084
9712
8252
8188
9476
310
2112
9504
7262
1252
236
1220
6795
4850
6651
414
6759
7357
4660
7096
1004
5319
4399
6837
2238
9293
3535
994
2246
4215
9950
9
186
4366
341
8081
4254
8591
4104
8923
6332
1811
4412
6495
7418
336
3265
567
4963
9100
756
9277
2851
9247
3731
6569
1214
4927
806
146
2259
2758
8686
3543
8309
1019
8561
4213
857
2466
7509
375
4733
3278
4578
2901
3034
8094
7612
199
2866
3065
4959
5709
642
5398
708
142
3796
4013
3365
6199
6722
7189
9626
7324
9157
8876
5792
3293
2015
1673
5244
5544
6656
2811
9221
8053
2174
6782
7179
1352
8293
3530
5402
2447
8714
364
8762
5981
8861
4972
1951
8727
8587
1549
3912
9321
9531
4510
2769
3748
2695
3574
2165
1941
4995
1992
8408
5079
4396
7856
7673
9186
8356
2714
5888
2073
4757
4611
2609
8426
6554
5717
6020
2316
8110
8677
8227
6599
4436
3741
6648
4001
3232
1436
4162
9145
7736
4410
329
3884
2606
5585
2825
9428
6291
816
3561
4386
1114
136
3487
665
8738
1850
2827
9963
589
313
4710
1852
2555
2158
6003
654
6307
3801
7776
916
2301
737
8538
3568
7916
6746
9506
3024
5145
8192
8618
2712
150
6538
9933
9406
2052
8169
6118
7420
7167
7333
3119
7515
5539
6608
4620
9616
9395
1582
9552
6487
1473
3486
2322
8984
9557
9400
7480
9819
6550
7863
2414
7747
7004
5597
3295
7051
1604
5622
2947
2582
1172
1927
393
7350
1416
1210
5183
6257
1198
3174
868
3753
4398
9016
1667
807
279
4919
4420
3800
8533
2283
210
538
2788
5437
148
7070
4985
1724
1051
3104
9463
4270
2041
7014
1401
6846
4313
5581
1607
2640
5988
8816
2023
5574
1853
1892
9740
9103
6294
1009
9447
6977
3877
3787
1936
8495
6892
4493
9473
8647
1556
4078
2426
2815
1794
619
9199
9096
1585
6986
4643
7967
9636
4582
9909
1260
1035
8201
9536
8083
6733
371
9436
1792
2860
9282
2873
7503
6311
5421
2680
8632
5950
9721
2025
2612
7473
4766
2487
2117
4100
5201
6339
2961
4575
4246
8787
2850
9512
8721
3035
5198
3131
4477
4450
6126
6352
2722
1018
4344
5832
6058
2887
5281
4290
3334
5658
9154
6797
349
9913
2752
7689
5592
9052
5899
705
1759
5826
1538
4266
9371
798
8208
5367
1410
8329
229
3824
430
1204
40
7343
486
2207
5842
2604
5575
4224
32
4010
3229
8433
1584
2580
9567
727
5997
1261
3237
3623
3347
4119
8082
1388
3927
5189
6544
4923
3130
1644
65
5491
6809
3247
6230
3513
7922
54
2720
9170
4428
5439
2385
7889
3471
2331
9647
211
1855
5579
7129
1262
1605
2531
2828
8101
5267
3268
1418
3498
721
8157
204
6390
7045
3788
8239
342
4810
3041
3477
9799
5716
6620
6005
4655
9594
6214
403
2664
6405
8559
2068
1423
3069
246
3935
1180
1063
3784
4852
2857
860
9444
8933
5977
4150
7567
4294
418
4702
5901
1121
672
9699
9225
2512
181
4753
3786
5906
7131
2702
8605
9182
3894
141
945
7961
880
520
3366
583
3825
7765
2863
750
331
6473
8019
1845
5246
5851
5336
8223
2213
1159
6959
7799
3577
182
8782
4267
3390
7490
2974
4142
2541
8295
4367
901
7057
7846
6384
4707
9962
9437
8766
9382
7828
1739
9671
6357
8873
9676
792
6340
3497
8543
5135
9290
732
4849
2567
8462
7275
2880
6791
2599
4566
2885
1483
4256
3051
3446
4382
9670
2223
347
9818
4573
4608
5923
1517
1034
9471
1683
6008
8780
5783
3602
3445
6705
3606
2870
3327
1514
7875
125
272
2354
7365
8575
1874
7223
982
3058
855
5909
4865
1882
309
226
5306
6682
937
6221
9101
8867
3344
9568
9036
4084
7516
4327
3190
6815
6633
1808
615
8418
2746
5131
4691
1089
2665
6546
9424
1442
3714
3173
9364
2791
6442
6789
3213
2225
8103
9851
8582
4680
8979
8614
7315
2022
4593
7231
5654
5623
225
7153
504
2869
2632
8569
4036
2485
1426
485
8948
4662
1188
5860
8133
1942
3755
835
1334
8644
6445
2110
7577
87
288
3646
3125
7832
549
9573
826
1254
8055
8769
8200
5041
3918
1912
8265
9630
5242
1716
1526
4168
4584
5099
9971
5413
6330
2262
6961
5725
4303
9815
468
3774
1807
7924
711
5356
3587
4872
3422
632
5993
9493
1826
2009
3712
3596
7705
876
9805
4648
8539
3234
3267
8460
2339
6860
7202
6289
365
8319
2631
535
1592
3617
8763
6832
3911
7055
5948
7204
2608
1011
8520
1492
9793
3479
9348
1230
3892
2823
2388
132
8900
5767
7715
1272
2813
3323
1717
3391
8604
7834
1111
2689
8525
9285
8463
9262
2988
8185
6446
1600
3409
273
1397
1060
3343
1395
2883
9448
688
361
7814
9741
1185
2474
8939
4885
4008
1387
1749
1573
6042
4
5780
9863
4064
620
2984
5462
7735
767
8968
7130
539
4743
6685
6078
1984
9918
177
9613
823
7661
1074
7326
9958
1322
7664
9381
5529
6105
4156
7440
5838
7354
5521
1251
9753
9483
7282
3705
9615
3339
2432
7114
6422
1153
9020
2066
4054
2333
2036
4527
1976
8458
7613
9327
1199
1376
6845
3081
4352
5722
726
5850
6687
9527
5470
3701
9089
37
8335
2858
8954
3461
828
7121
5954
4276
1091
2576
3697
7754
9930
3643
9362
894
9587
4458
9612
2835
7235
16
2589
9135
4178
5153
7821
1289
6502
3469
3093
3395
6551
6140
5839
3332
8177
6443
5109
8414
8576
7240
7269
7168
9547
5587
1586
8078
7156
9746
7215
9420
8234
3896
3308
2843
3388
7199
4444
2372
9593
8976
1550
5697
5487
4058
9836
7394
7486
6072
8362
9278
594
1711
5384
4092
1229
4952
53
9006
1940
4035
5179
360
12
1832
7125
6522
6609
2682
4670
1594
5318
938
2419
1830
5503
3709
6313
7580
6566
6521
964
2977
6486
9680
591
7193
6298
6947
7713
9603
6046
9114
4543
7842
270
5443
9275
5327
3483
7058
872
8936
3281
1032
9111
2104
4383
6172
3014
704
5133
7060
4546
5854
7123
8789
7454
8419
2911
8613
6025
7003
8513
7775
2661
9758
2454
7152
5501
5797
5627
6707
1409
7356
2237
3803
3454
7209
6431
1163
3607
2192
9230
8580
4790
3315
9844
5
1796
8163
2773
9523
950
9399
5382
1078
3789
4459
5695
6305
3181
925
2928
1117
1948
4198
5366
1104
410
4439
4217
3117
2181
7373
3841
9374
5342
3876
9648
1750
999
9184
3052
3734
5890
6916
4271
6235
5032
9295
8849
7954
5604
5814
9827
2728
6200
9107
5181
9289
5219
417
8895
9407
924
1453
6728
5456
1591
9302
2565
5226
4488
4954
7396
4898
5320
4982
7487
1662
2840
5621
490
9533
6933
795
9026
1469
3846
1400
1178
6453
8298
755
8141
7777
5047
7436
5062
6940
6082
5619
2391
2629
6654
9750
6871
5193
707
3522
3002
2832
9490
8857
4427
3464
7105
6818
8330
9723
3630
8837
3768
1581
123
5352
8910
2438
7311
4503
2723
4956
5237
9341
8554
6142
4550
6938
2760
7064
2188
1072
5078
8970
7361
5103
3266
3728
1268
2201
308
3096
6623
7499
3004
2288
822
7314
5399
1321
9772
4698
3203
2763
8942
5681
6771
4265
8805
6129
2121
9806
9368
779
9373
3455
2551
4856
7576
9821
9273
9756
1502
5956
4071
6761
6376
4741
7953
9311
8140
6850
6152
2162
8662
6406
6534
1875
173
4169
9940
9131
5589
3364
6669
7061
8797
2781
7310
4614
1731
6956
3272
949
8357
7972
9796
3995
5412
2159
525
3814
2471
5538
5546
3835
4558
6248
7677
2197
6665
2717
3790
7796
810
2175
1258
2492
2365
1382
1509
7522
7929
6045
8
2150
3648
9830
3762
2882
2187
580
8016
2012
4236
9833
4712
6136
6465
1314
5865
3207
648
9260
1628
5031
3107
2684
5837
1894
188
3921
4722
2725
8817
676
107
2630
8245
7995
975
2244
8214
1329
9514
9113
1829
8621
7106
8119
9012
5508
2686
5624
9065
5035
6533
6394
4047
2762
6531
8106
878
3675
7550
8761
5303
8909
1208
6011
9208
1903
4234
1283
941
7668
2272
3707
562
9402
4040
6174
9825
7221
206
7178
6719
7960
4457
6713
1045
9780
5929
4822
3836
5662
1427
1142
5430
8673
8808
2782
9865
103
1870
6471
5293
9459
8347
4208
441
4101
8097
6631
5904
7520
8233
1623
3842
7138
4340
6692
5197
9484
4936
2254
8703
9972
3299
4727
9388
2902
1224
9140
4334
2938
7759
8396
4616
775
5526
8829
6646
1499
7389
5995
2308
4765
7469
7002
1978
5156
3916
377
8752
9870
9067
6383
8987
7127
6153
1705
1781
3759
6295
940
2154
4145
9928
1491
4594
126
7985
6847
6819
9509
770
6811
203
1428
960
8682
3739
7731
6925
5490
4588
6223
1420
4604
5580
3250
8982
8966
7380
6430
2547
5661
8189
1016
9389
2765
6485
6292
1386
7397
1212
2118
4429
3890
1815
2037
2208
9896
5861
4157
2985
4839
1449
4818
7493
9092
8001
6083
3537
5424
9789
7927
2097
3625
9939
4158
4771
3424
5902
7837
5147
5199
5846
1010
2363
2539
935
499
8974
4719
684
5547
9004
9438
1099
3138
1014
6151
4939
1804
5272
9185
2434
3328
161
2802
2035
8568
3875
7285
9959
7739
9229
8896
6788
7048
1360
7720
7290
6587
9737
5611
8300
6037
2193
8567
1124
131
6798
3780
2314
2673
135
6106
4515
2107
6568
5008
3854
328
4847
323
8807
719
4913
3396
4930
1318
5688
3962
6548
5060
1656
7670
1033
5710
7803
2924
5804
5771
8683
7492
8409
2116
4277
8745
8698
2361
6979
7524
8908
5966
1840
8531
6259
9685
8166
8572
6694
9688
8524
5969
8484
1112
9223
3291
3985
2180
7217
1123
986
7690
1968
4859
1881
3778
2731
2534
1082
9984
3512
1569
3029
1737
9856
2398
6249
6589
2936
4829
4951
1068
1945
2422
6104
8485
8287
9729
6735
8960
7359
652
7853
2801
9691
625
2628
9415
8038
3379
5230
327
9808
9319
4675
9158
163
3503
4915
2359
6677
3830
9090
4414
8496
8230
4524
2450
541
8921
2838
9355
3193
6287
973
5753
1186
492
8276
4108
1403
6500
5680
6984
1140
6168
2520
7263
9926
3506
8393
6501
7890
9243
7360
1189
4534
1681
6914
9361
839
7089
4435
8449
8507
1102
2881
3289
5522
9411
3448
7164
7574
3670
7206
2406
6857
3527
5869
8107
7461
7201
120
8314
2448
7450
7195
2298
9418
6507
7257
2407
2253
3569
7242
6826
4523
9558
3072
6897
8478
1293
2865
7383
6496
1001
222
593
2249
4921
2552
5881
9215
882
2922
3880
8590
5011
1170
1944
5519
5142
5787
3614
4038
455
6195
1566
3393
256
617
7297
7768
6018
9638
7632
5855
1602
9337
5731
9754
6268
1201
4837
3653
9569
6236
6413
7413
1342
1464
1765
5249
94
2496
6814
5760
9180
3941
4526
8512
5927
4335
4596
4165
8080
7778
3903
2319
3959
2517
2519
1842
1090
1476
7656
6183
1648
8222
9665
9007
4639
3632
3671
9307
4536
9433
1738
8326
4139
2970
324
6653
4345
6775
6302
1960
7387
2942
6094
870
7541
5252
9678
2390
8852
9717
8654
6109
9801
1825
2163
8663
3924
6945
9403
715
4403
772
7937
8316
1631
3449
6071
3797
6976
1876
2603
599
4500
1122
4632
2049
6989
2798
7146
269
9542
2558
9786
1076
7609
8114
4381
9254
1154
1710
6098
2257
744
1243
4260
3463
4301
3083
9369
1643
2643
3403
348
2892
9421
1244
5229
7950
641
660
3992
2618
2890
3548
2742
9312
5872
6848
8342
3126
9538
3145
2995
434
9522
2157
2252
1225
3466
2633
8953
9508
5069
6717
6355
2444
140
8139
7539
7597
6029
8692
6427
8501
6051
220
261
2324
1930
8971
7034
5715
9583
5385
1176
2005
5561
4231
8118
3224
2160
2286
6697
1184
7992
3412
6924
9973
2939
3861
6758
4302
6096
4894
4338
3187
4091
9499
9178
4478
6510
2846
8156
9985
7884
6429
1456
6133
4812
3411
3516
7617
8693
7171
7237
8603
314
9576
7707
9206
3329
4404
4172
4074
6800
2330
6611
1909
4068
6618
3944
4672
733
8029
9711
4708
8469
4280
2959
1734
5992
5718
6931
9546
4798
6899
7154
9245
3891
7406
8711
3644
8315
2914
6386
8546
6114
4214
5015
5570
2573
8552
3206
2990
9204
9146
8764
9011
7701
5006
533
765
1431
7220
8323
8296
1970
7636
1219
350
2906
7083
1764
6570
2951
3816
7625
2830
6361
75
4221
8429
56
6542
701
7026
5300
1570
9735
8503
2106
1455
8505
5578
9873
8739
8631
2267
9164
6170
4832
8828
1866
9167
9752
2280
6196
2596
3073
4073
5642
3730
7207
8869
3273
237
1568
1779
3634
5346
895
3964
554
9892
2495
1317
5889
5656
573
7971
9867
1137
1394
6866
6337
8577
4495
6870
9591
2696
3515
4504
7848
1294
1746
7226
1267
4819
2705
2227
2793
2740
9393
8835
7523
8598
2549
9075
3025
9339
9941
6625
3773
6991
2105
3160
6532
13
2929
1528
9822
4899
4905
8126
4673
6160
7500
2480
1106
3595
3433
1463
2476
8147
8308
8826
8709
443
890
2148
5745
5173
7678
6455
8854
4102
8070
2886
909
3851
1462
4920
8911
4394
8430
426
7
319
1655
6688
7069
7358
5138
7599
7947
5020
5823
8351
8220
4943
235
3149
3613
108
821
1242
8327
8565
5693
2908
6952
3492
7281
2511
7447
3818
4143
8401
7839
9232
7762
3633
6908
2477
322
8120
1301
8770
7788
9000
2171
1838
8435
6996
3828
3089
2497
1169
10
5962
4106
9978
3575
9684
8823
491
2420
7165
3991
4909
2523
4762
1484
8149
1374
9423
8260
1535
2878
6701
5885
4241
1971
761
4339
4787
2475
7691
603
4261
2797
7575
2868
8004
6863
2944
1247
609
5463
6079
8361
2535
3400
7527
4750
1093
948
2336
8750
621
9826
3435
2814
655
4625
3810
7906
9409
503
3662
5527
267
6824
4763
7562
2217
9309
9085
3120
3253
9495
3725
1873
7881
3855
6323
8084
2861
1622
4695
4607
1633
3225
1767
2688
1952
7822
4326
3771
8041
3381
2156
5010
9360
7437
4745
548
4364
9736
9608
4255
392
6766
6293
1132
3923
212
4983
748
8779
2953
8794
8180
3867
7530
9187
2335
8941
9891
285
4844
4892
7624
7962
1432
9226
4801
4517
4525
8145
4080
6141
7558
3879
7955
6710
5129
382
7893
6488
7977
7806
6629
3255
1791
6741
6365
6864
1885
847
5253
4613
67
8203
2002
4200
5217
724
3114
3341
5266
7225
4216
1806
9517
7478
8684
4848
6833
2538
3591
373
550
2642
5803
2381
7586
5284
9263
786
3621
1880
1706
112
8009
9207
8765
1577
5892
5987
2020
335
9887
1964
9088
6163
5510
8228
4481
1126
1259
337
1974
1896
9990
6181
4893
5513
1862
6776
3997
845
2060
7196
3664
5065
2211
3482
8238
2741
5967
7044
5108
5392
196
4784
5953
8746
9150
5733
7111
8548
6439
6619
6748
899
6905
49
758
197
5317
5925
9268
4630
5921
3311
2054
4545
2510
253
9862
1756
3048
565
3642
5433
456
9628
6539
4356
6711
764
4631
5818
6576
3378
1245
9162
2368
6757
6836
7330
1136
6056
9347
1932
2050
7336
9999
4826
8573
454
6702
4393
2099
5471
4789
9091
1109
1652
4070
3722
4077
507
7901
7495
3659
1296
1194
215
2963
5282
2189
3248
7780
5975
1075
631
7170
9318
4704
5417
6822
7555
6958
741
185
559
9515
9350
1639
713
9807
7000
1287
1412
6972
8891
8792
62
5876
9123
2297
5835
9852
8336
7485
7021
656
9656
637
6253
1911
451
9652
9044
9023
7682
1868
813
9893
884
9923
3785
4637
7348
3059
3920
6036
2416
1226
7119
7053
5496
6889
278
4170
1036
5600
6858
2481
3230
1345
517
9391
6884
4185
785
5692
5278
4767
1931
8377
8417
7277
5329
8521
8367
2638
6641
5531
2328
6928
4239
6562
5583
9571
5187
9696
3560
7047
1770
8509
6060
7531
4505
2761
4975
1437
9730
2226
8570
3711
6267
64
4533
9426
3668
908
4878
9761
3691
2457
6639
9338
1353
3488
1241
5897
4501
9683
166
2839
3811
6435
9109
5313
8967
7444
258
2545
6628
8622
8774
7938
3351
5576
505
1162
6345
4718
8398
9296
934
1805
1580
8164
6351
2583
995
5940
30
354
9055
3929
8065
768
7255
3669
6680
634
1472
7900
6290
3337
2375
9486
9039
8251
3135
2864
8615
5525
838
4747
7483
700
3405
143
9470
5671
1110
2637
1030
43
7933
1565
5466
6416
9280
8390
5933
5552
6164
5165
8522
511
9766
800
9574
5359
389
9707
2019
7369
6926
3791
2273
6704
6061
4413
9556
1696
8407
4475
3241
7229
6190
6250
5489
6601
643
9102
5768
830
7259
6187
4374
5438
3189
3129
3654
7732
8977
8719
9156
1872
1384
3514
7551
8291
2081
9859
9876
9706
27
4626
4251
1411
9869
2770
1440
6420
2070
4874
9861
9043
4779
3563
3917
5176
8243
3544
8217
5713
6440
4400
9439
2443
8887
4723
7241
493
3765
1274
4694
1972
3460
4641
5275
1973
6540
8998
4479
9987
7100
7867
7590
344
3018
8247
2040
7532
9248
3179
5507
8013
640
1080
5245
9076
3251
3406
2047
1055
8231
1553
4489
5752
6506
9133
5268
7622
903
6636
6874
9566
5883
929
9582
77
5054
9168
649
4682
3373
5053
4191
7091
8689
9279
1834
4421
9494
8871
2302
3698
2378
1690
8743
4553
7914
8593
2966
14
6220
1955
3484
2579
4891
6433
7554
6213
1671
5087
6754
4540
6862
1819
824
9422
5737
3878
2155
5572
5292
7564
8212
4316
1457
6881
1098
6786
8123
5555
8312
5257
3269
352
7475
5263
4460
7268
1867
1817
4024
5562
3439
1454
3480
5829
6434
3389
8841
3533
8071
2542
9450
976
8924
5192
9249
4554
3749
9639
6922
9033
7766
1642
2409
4795
4759
7197
6459
3011
4864
5004
2394
4590
622
7926
8527
7642
6148
4424
6909
4922
7243
6076
1041
4841
4860
4094
851
766
6252
6156
5741
2478
96
759
3139
3010
956
6088
4315
2935
7210
2574
6132
6363
2384
7086
7468
3540
6296
1618
6461
9071
7923
4760
6375
8556
8832
3223
4140
5256
6808
57
180
2149
7614
9895
8058
5411
332
8643
4177
1515
4461
893
8874
9908
7024
1217
4491
5877
8158
7740
6721
3097
4633
2247
717
9074
4317
3505
6299
2556
6234
7733
5355
238
8093
846
1554
4138
4996
4370
4661
3553
6117
6865
242
175
5998
475
2045
2491
5344
6572
3473
2430
696
3572
5657
9475
6649
8373
970
6026
7494
9014
4192
5729
2347
523
4310
89
1996
4724
3147
6155
8914
6246
4304
8628
3764
1720
8444
2848
1560
4125
4840
3472
6457
7987
4151
3367
7274
4039
8772
7308
2176
8665
2355
5665
9629
1953
6655
4472
7488
1351
2212
5765
3368
8617
8699
7672
4638
7984
4703
4348
1054
4204
5900
5758
1489
1101
263
5862
9954
4397
2129
2771
5949
5029
160
4940
4756
7169
1280
1674
11
3772
2595
626
3478
4502
3998
8865
3767
5689
6973
1477
5276
8981
9592
295
4357
9119
4711
2220
6951
742
4129
1307
8205
8541
6739
7805
7477
4636
8583
124
1762
8697
5833
9906
9404
8451
4773
1486
7994
9467
9619
6582
5465
1128
3307
5748
2904
6157
7687
8023
3684
5757
23
7496
2505
6350
7996
1651
7211
1221
8600
3626
2943
5875
992
4717
7983
1300
5383
7352
3618
1893
3883
4253
4589
590
5241
9505
9027
6785
2006
8931
653
6269
1368
7836
7458
1849
7615
9315
6574
681
4556
9022
2387
1506
5464
2854
3737
5648
5408
3604
2716
5081
6975
4628
9840
3831
597
8138
7194
4651
183
1982
6794
7093
2243
34
8499
93
1969
3556
2888
8074
170
8712
7654
6447
616
913
2622
702
3559
8338
9734
5093
315
9899
5584
8757
5523
8402
8063
9354
1200
7741
6645
560
9672
8878
6877
3148
4498
8116
22
9143
575
3934
8331
3893
7844
5387
5653
9694
5098
9410
7149
1213
4976
3324
4323
6353
9242
5828
1269
8855
4325
4244
9029
5707
4833
2311
7307
4025
3650
3
3612
2524
7793
3726
629
8642
1608
4189
4964
7321
6988
4764
6358
1146
6425
4857
8248
2239
8506
7752
7858
470
5536
5857
4539
939
4565
1564
8382
784
508
3665
6593
151
2349
817
7081
9669
3657
7833
6451
2397
80
849
9690
1803
9814
612
8389
2667
9879
4446
4769
4243
7810
9675
3294
9602
8143
4552
9931
481
738
4456
6218
8132
2098
3598
245
1824
6718
5509
255
3783
8128
2948
1070
5166
2341
2128
4993
524
2300
289
7601
1503
6116
9565
9489
2646
5357
2926
2644
9416
6354
4932
9759
3907
7729
9700
6049
1402
5174
698
9452
4990
3804
5121
2370
8455
6596
3641
6437
4362
815
9550
8747
5937
2826
4430
8348
6101
7602
3110
6456
7166
8545
5588
9880
7109
9413
479
4805
6379
1860
2421
667
1994
3205
8048
7508
8641
598
8275
9981
915
9644
5333
8880
723
6773
725
424
5616
231
6063
7751
3005
5205
4120
9749
7367
5548
914
9161
3456
2616
4528
4800
3696
3666
8885
59
4083
2692
1954
7099
1679
5090
4634
7852
8294
3079
9002
2312
338
9898
6600
2513
1062
7581
3436
8416
2896
2376
8380
6622
808
5723
6661
8483
2767
346
7016
743
4088
3593
2304
1583
6503
5898
2241
572
8925
5726
4468
6585
8254
4901
6663
6715
3407
2670
162
9944
6261
4581
8889
3020
7918
820
6474
4247
2536
1993
4242
4222
7441
5160
7973
8148
993
6745
134
1276
633
440
9964
6560
679
8937
3354
9497
551
8388
2449
6946
7445
4451
39
9979
8290
1771
2999
669
9196
8588
3168
5809
3080
2891
3656
5582
8397
8952
8466
881
9087
529
7273
2490
2862
5794
2030
8649
8368
5349
3326
4705
2369
1748
6934
5331
3681
115
8767
244
8551
8566
2578
3637
2530
4180
8516
1238
6541
472
4141
8182
5571
4388
4507
5115
1979
5420
9765
6483
2350
4868
4272
1167
8232
7719
9003
8651
4128
8115
7335
6201
266
9060
5870
6579
9166
3047
5516
7879
9563
3023
8030
1958
1330
944
7031
6373
6838
5112
685
7417
8022
1883
6859
6667
3590
7907
9129
5735
9847
6175
651
2799
8446
9783
7783
139
6232
6978
3453
2455
387
7944
8086
8215
9532
9548
6476
8020
5059
3441
9798
1702
6575
6308
9988
1751
4026
5365
1319
7175
2836
1704
4415
1755
5307
5932
9205
7347
2367
8612
7535
284
9810
5321
8630
4928
1429
5849
8007
9385
3524
6372
4513
5454
5251
3398
3246
4067
46
9932
3999
9562
5172
9674
2593
7059
1415
1799
6022
2087
2672
9396
4617
8376
3330
2100
2509
1257
9189
7309
9889
6770
2568
7399
1103
5028
7063
2754
6074
6415
6725
3451
5530
2877
6885
6059
953
4606
1965
8893
429
4467
842
7107
6504
5645
1288
9435
3394
5452
1383
5119
4731
4758
301
9920
8259
2352
1481
4171
4752
7991
303
8549
3967
7080
8411
2669
6346
2108
5429
8375
7305
4754
5959
6186
6279
7079
3736
8606
5113
7186
2507
9386
8059
3982
9621
3043
1148
6411
5126
7536
3057
4111
4486
6695
6882
959
983
8949
4437
942
7637
1494
1216
5719
3481
9066
8386
3375
6595
610
2296
7429
7965
3333
3757
5416
5043
7976
4113
3584
257
6963
165
8216
6444
2184
6831
9104
8930
9966
484
922
8702
9728
1052
4978
7466
4453
7767
693
8453
8562
74
6769
7067
3546
9359
9353
1821
4591
8104
638
1578
7723
9069
2671
5074
7271
480
2554
4807
9244
8676
6044
2470
5014
5155
4466
8452
8122
5845
7103
7017
4512
6834
6994
5261
4627
8282
9380
4629
3763
8638
1795
3510
7824
1529
495
3113
2563
4245
9585
2135
274
4508
9997
460
9345
1215
2715
9687
8392
531
4032
2844
9702
4434
6896
4285
5730
4048
1279
6043
5123
1695
7244
4375
4728
3256
4647
6564
4163
3873
4689
536
296
5102
2621
1399
630
8679
5391
4962
3155
4333
446
7162
7208
8715
516
7917
1381
5467
449
8919
9961
3812
1914
829
8313
5067
2764
6366
5378
7267
7975
6512
1398
875
1196
3397
7316
8170
2423
3592
1350
6360
1558
8637
7761
2750
5475
3335
7120
190
5853
1634
7657
1963
8518
5171
1175
3240
3676
1366
7697
1772
3557
3066
5532
1203
2905
7595
2042
5751
2248
7643
7256
9657
947
4845
9081
6980
9213
7680
716
4465
6147
4657
7825
436
5404
3128
3719
7930
1043
9686
5644
1133
3808
2270
4688
2325
3829
2271
5766
1355
7912
8834
5601
3140
8246
3064
1730
7102
6273
3871
9478
2232
5770
9708
7982
1657
2876
4330
3733
1596
6233
5926
5742
4443
9953
4933
9560
2332
4281
8213
