394
819
165
916
709
174
437
464
232
67
159
333
882
78
498
997
418
433
342
934
613
617
752
164
518
915
366
865
928
102
120
448
884
854
574
995
207
528
482
100
0
361
692
715
152
137
83
717
546
919
836
958
538
315
197
656
303
856
166
378
496
107
680
322
604
781
462
376
132
842
718
305
66
208
975
106
557
338
847
834
888
763
571
286
927
172
15
598
76
714
475
237
756
489
878
537
178
711
769
910
663
300
653
206
803
755
923
233
328
881
703
396
7
602
438
484
99
103
136
56
561
645
939
205
535
914
154
272
82
968
112
143
791
277
148
564
383
20
909
795
247
694
831
688
806
157
503
849
403
920
770
722
259
398
942
460
650
778
896
158
667
829
68
423
747
413
693
832
929
9
171
270
702
542
5
293
984
190
851
708
374
640
548
924
596
34
632
265
425
434
514
586
291
224
526
737
618
789
530
654
424
838
227
792
837
550
971
27
657
606
620
51
982
427
536
139
678
581
185
961
962
209
225
638
621
506
365
870
216
334
744
89
129
768
341
443
566
631
46
149
767
439
140
119
671
972
474
24
652
477
996
501
812
534
318
624
273
428
512
455
135
648
716
771
898
492
594
981
223
748
41
28
142
651
565
684
48
153
833
504
131
279
145
13
160
488
628
554
32
58
627
483
245
868
307
712
978
390
551
946
523
211
773
952
87
104
326
77
515
228
327
749
332
210
445
310
608
895
324
585
783
877
121
779
188
294
802
676
235
481
569
582
258
122
458
40
519
614
605
589
39
883
85
230
335
642
238
649
807
668
521
359
105
435
29
679
943
853
249
229
116
497
864
264
94
555
945
787
49
991
643
623
686
940
988
187
675
892
701
408
745
358
54
930
416
391
639
903
367
953
321
312
855
388
567
522
985
343
469
568
891
992
917
299
936
221
625
256
257
357
360
271
976
93
549
285
664
588
86
476
316
410
584
862
62
370
993
472
127
251
14
902
250
130
824
876
485
196
375
53
386
493
282
579
44
956
570
713
486
38
662
240
738
167
296
16
508
63
721
677
198
520
284
456
422
317
330
263
729
505
200
301
345
446
858
845
784
231
311
660
384
689
811
937
994
199
871
60
540
382
186
269
432
354
600
697
926
117
214
179
804
226
23
212
964
719
95
925
977
461
254
156
128
323
904
163
79
848
944
356
706
124
809
553
556
502
407
17
545
275
290
12
846
699
826
126
406
817
673
430
404
81
611
844
479
288
431
96
732
161
204
593
110
36
999
685
728
777
798
552
320
449
960
6
440
451
283
963
510
297
947
415
843
267
295
37
743
922
674
319
655
18
246
933
576
913
336
201
658
822
965
560
741
88
72
765
823
101
175
222
452
899
591
788
111
414
19
825
26
412
401
2
170
379
941
244
380
134
331
70
399
761
125
572
45
525
696
217
813
491
889
786
168
736
468
775
835
90
860
260
772
753
805
337
400
215
850
151
441
754
405
313
705
979
547
289
626
348
938
325
730
901
147
951
580
983
724
681
918
73
616
177
302
352
463
513
473
381
691
757
236
794
184
816
61
799
821
986
402
710
998
634
758
344
350
894
562
827
524
875
558
255
417
262
954
890
543
71
193
801
304
516
189
619
118
411
349
11
114
839
967
690
739
559
92
762
683
309
466
276
723
629
465
533
84
203
347
372
969
872
793
950
52
698
25
213
861
97
389
563
647
539
911
529
74
790
615
339
447
507
268
785
886
511
957
735
880
306
780
409
108
467
22
3
292
573
989
30
329
857
98
987
243
797
65
274
782
35
169
373
362
346
450
308
239
609
590
377
234
887
144
436
109
454
766
800
612
253
637
583
746
218
248
385
21
575
815
740
931
494
478
760
906
75
64
278
395
873
281
874
759
8
364
672
59
592
426
636
867
57
955
599
517
453
644
266
731
597
419
949
541
633
176
908
487
509
661
700
192
577
429
948
123
607
202
595
155
146
869
905
808
133
544
371
641
183
879
990
480
181
191
733
750
219
220
587
630
852
935
420
50
442
840
704
751
687
907
113
774
912
725
242
499
1
241
353
471
682
31
495
314
252
603
470
921
280
490
531
195
55
182
820
69
742
261
387
622
863
392
866
695
80
669
601
897
734
720
859
659
363
970
980
4
287
393
194
43
138
707
500
810
764
665
355
298
180
973
340
974
900
457
351
932
397
444
818
830
578
115
666
828
369
368
150
893
47
646
91
173
459
610
670
141
42
814
966
776
162
635
726
959
532
796
885
727
527
33
841
421
10
