1000
-251769 -815254
-540116 15101
261487 -356833
403479 -549169
-154509 -807545
-154432 436045
-300782 133651
-885693 285871
889592 -652261
-378142 -71298
130702 -136836
-69193 -653042
-472893 -685992
-753445 623533
-170843 463435
516652 -926094
473937 421889
128289 752203
-906004 90490
54626 273538
676828 -657625
-483770 -651247
-396350 335300
556593 208389
821268 -70219
-439938 253312
203627 376626
158469 -817415
-109655 230983
-197436 452154
-836504 -396218
636296 216769
-22413 -152717
878853 -321042
-461856 -497799
-898907 263336
-539113 -595390
365957 67307
405374 -945525
688826 738428
-766145 563277
-982410 270848
160928 294386
-803893 799135
-32763 864495
383905 -873252
-602891 -256769
-342800 115332
311831 -841573
-615625 269267
-398325 698027
-166503 126991
442816 -918339
-262157 -417985
806187 -66538
-176313 611985
-256969 822826
692437 467144
465945 -389602
-381671 540689
209283 495406
560348 778058
-393765 662942
630554 -20178
746272 898577
103284 725999
-598837 -24384
256469 261774
58826 66418
-467567 815893
426106 -739977
-892159 -761497
917181 161753
-447016 111702
-980263 629666
-924350 -408914
875502 764076
234918 17662
729388 -539282
118556 -756118
894938 -734826
9125 -808836
817795 764315
724905 718557
-280272 315561
-912798 780593
536724 529092
841271 -980883
405006 -256349
-130060 176469
791274 -79100
-523938 504808
-280801 591525
954760 722574
-597467 63164
-284627 60117
-476890 -592095
206301 -935579
702023 309997
-971194 -32488
964275 -568906
-389251 -867736
-422565 302716
-208665 78308
-730764 330393
-69693 -632108
-520726 471873
417464 -745244
770840 253390
130345 -613446
789685 -657628
-339660 -677977
735503 73631
675752 439841
820939 -772255
936276 622735
534046 -130019
608880 514736
304325 671635
537700 -894495
-725674 888926
103608 -903564
413823 -324713
288436 965829
-396966 232561
-274990 648985
-607747 -787548
295445 -324333
247194 -561381
287297 -604059
909948 32016
639438 659592
495104 872783
-748808 -649787
529018 -374175
-855085 960076
96255 323432
-96633 -984593
674497 605909
-461217 208693
301156 444443
-765594 -273818
207262 -261247
122507 -511690
679112 -253918
-286685 -362103
-496220 -529443
-650364 614396
-5335 934320
344927 -892645
607988 64286
-451434 -768311
-573450 -457826
957474 184987
-961218 -297338
633042 903044
-603728 -810879
71533 25255
-322909 -749151
-544644 374285
765798 -563272
811826 833453
774980 -927822
299859 -100497
-983957 919640
137751 -453701
432455 738513
-992756 -320765
-561790 363334
-711623 666652
383746 24137
554626 117882
789360 -352690
-839060 -934111
389044 -103446
-213631 -908985
401675 927268
-689112 -783871
-888694 540939
-738532 253034
4011 -959502
-736204 241769
563519 376126
-708890 48400
338480 -631579
-406821 686518
520026 -222369
-399245 367964
448826 549760
451372 775854
626201 918703
-565028 -800590
17522 902734
912238 929514
-820582 -235916
380561 -213064
-36630 -1773
496304 -558459
-813990 -825824
-695303 677701
-762160 652762
73012 -172680
785529 984822
875483 -638154
-583641 -382659
227523 617542
-287936 196072
-559728 -402458
-477976 188964
-187852 59000
73812 -545410
572915 906136
-99068 985361
260687 -576827
569874 -112516
224057 451441
812629 -240444
-788051 176354
-810727 -401901
250802 -857806
550599 -522450
-116640 -799264
-10495 -855965
196272 1480
162335 288749
-955370 -753580
177381 531406
-658661 -946939
-205251 -562416
984782 252000
-19911 490956
-212180 -440745
-456218 -525445
-682441 -878090
928662 -700588
-916022 -718927
732680 -4427
266297 823657
800129 397974
557017 -939096
657172 969277
292969 -421937
-882063 490955
104724 -432357
-782745 -23836
-839435 -688838
248190 -557433
-975652 -698602
637607 499632
665478 473468
168333 -493836
766494 461685
549084 794841
-284408 -228938
-932118 277879
836821 233173
-604229 408471
-917594 801
51324 -926597
36729 402055
468330 -407381
944596 -954056
-102283 984531
-99514 309433
-469032 -474829
377614 413121
510049 919611
-728044 -694586
-968770 -627714
-850610 874586
132919 324014
397903 -904340
533582 -607969
210445 -167295
-698622 297135
-113552 830822
-26369 249484
275090 -961272
-855923 -36095
-882248 -48629
335393 -597127
-963394 -329445
877003 82651
9664 999817
-378227 433904
55116 493334
-511107 855032
-903353 332309
159960 -54924
949916 -30216
-845594 140732
-485941 -613874
986011 840725
551561 -118099
-783041 -686651
-196383 -363610
-903357 103310
-923170 -242901
994874 -969749
-312641 -545690
-200648 709704
-994064 745881
-240555 -107797
-552650 530289
-227410 -46975
528937 -295440
-247414 -81625
192443 -426033
106483 -971463
688540 82092
315655 516063
-497424 -539869
498156 393296
251768 912580
-546424 -806708
669731 785430
969855 392576
215551 -213035
504189 -832969
-375257 -556238
402194 -51754
-792666 -457876
922182 -785665
127254 597435
-461733 412300
604793 159348
118633 -493142
-654236 839075
-864654 389238
94674 -288482
157286 -879757
-798111 496153
978832 307254
173175 688532
-651430 987703
-459515 -655425
114857 289510
429075 376827
889595 -988809
363332 -790535
-995284 987379
-902692 -936074
239907 271176
919533 -383421
26856 -234311
759968 -513574
-510239 178097
-392615 -432215
991872 -310489
926061 -647126
457741 356427
-163160 973040
-550769 231984
-638 -51933
409956 -537036
289821 -642329
-513949 74882
-99004 -185522
304127 -480943
800774 87967
-404384 738472
974688 665508
-230607 736361
315677 -655677
-611514 437387
362060 297770
-63102 -61102
-635532 -637251
75032 -835670
-184899 366843
760280 -781624
508741 720654
904295 -719791
261456 321028
579193 490880
-318079 205509
-791205 -960499
391113 -191344
768146 -764895
748430 888431
731028 -56246
49797 -762593
-764767 833664
-122651 -573025
383724 588656
-106516 25129
-851496 453807
-456057 811922
573116 -935233
-182872 -437662
101562 -24200
-165003 -697807
915218 881597
-817424 -742949
157407 323236
385493 -331506
-568238 854776
530694 856823
768854 -356842
-152124 -137282
589374 -6461
266335 -633366
302031 439815
30225 -716811
-861913 -18419
972822 -187001
-972825 -780321
161163 -3077
-494498 -834231
-455453 1692
-700825 301956
-612938 -312645
-525922 -13042
-389676 358838
443533 932117
-760018 947118
-163642 -935823
999999 -712285
-548831 552021
128133 634885
-935742 -475752
-498477 -776293
252617 -420413
-230860 562466
736004 -997817
-653550 -984655
-710950 -107306
-748998 -734003
206170 753069
553695 -896581
-219362 -393145
-954653 439740
916006 604141
789177 371948
404637 579285
-597832 170093
-915029 928011
-982987 -592760
692905 -869043
-313324 -423762
-77010 372674
938657 -795573
641015 897774
808635 -246917
373919 101474
-218621 278752
393133 961077
781574 -974040
-364257 -950777
-622624 -725387
-18617 912771
-226872 -510178
580847 -993141
529158 474098
580926 29247
473228 571489
-384192 261743
342469 -917308
-165351 -168827
300103 -283980
308054 746344
-731703 -94483
562783 -15262
656832 -763571
-532665 249134
-13516 680160
379515 -911959
-961128 485482
-233543 -242404
-492255 -934735
630357 -757214
-126446 431317
-958702 856886
366818 189153
537187 651710
444482 958605
-318739 932465
-792967 513661
488283 277320
845349 -317523
594279 -814304
93487 932411
-180045 466197
452682 -107091
-897199 778440
208986 592630
974246 -259563
404391 991620
903019 712729
467723 973148
-61792 -548052
506416 908384
-231485 474570
-873063 -245157
-532022 923309
-636378 -32755
719568 -368023
947867 -163318
-226766 -531924
214752 -468564
297098 -250917
-943599 -521718
-395084 411559
595125 -114218
-670122 984306
192358 160506
-314899 -719397
64886 -719610
-626174 712842
763290 -448368
715117 -595109
811327 -165184
-566037 -31417
-240775 -623475
821180 786934
-769923 -224611
-735685 -776306
682975 695225
-146371 109368
-83994 -944491
-425906 -19137
-647511 -608755
110218 -591598
866379 917357
159297 -826746
-928674 -699084
227660 -394125
514825 543143
-188026 7880
899388 -792350
-242058 -672777
-336871 -761200
914475 482370
-440271 -345896
-175354 -802317
-67409 533138
-110742 -155846
-285310 -192286
-928085 -34101
894204 -896107
986577 -918662
682358 26558
96954 595227
-54400 -819504
941320 665609
822835 152040
-617710 27623
256294 -754364
506178 -425510
266681 881009
-922432 -631249
-369935 570076
184167 -817728
46286 -629456
207446 -441023
-482386 -295546
216247 -394900
-665493 -747562
311108 601374
567459 953559
-511678 -21686
-947601 -373331
-574197 111243
-54101 457450
493377 -741572
332369 18209
-802040 -656474
-823591 775359
-63736 -469611
-672509 -793083
446308 616855
-948271 -499059
-883096 517209
-509400 6395
-413222 125648
-845007 948299
-659911 830915
650713 789051
-808826 146766
360437 -276181
492672 479390
-681482 48094
-699331 -547304
-618060 -461175
-692798 -791083
-176132 937565
708390 234794
-466102 927166
804617 -422910
916263 537270
875131 985858
985337 756408
-423307 272383
510383 143630
545486 883936
458548 119888
776386 400247
-128185 681975
-366039 482060
-870210 -926595
291578 509695
-440596 258210
782092 -112
289154 -456888
580401 406653
499815 556260
532906 457303
-692935 697280
-26864 345172
561558 -49757
-314926 -177536
-443339 513807
-643199 868168
-632203 -125431
112790 815500
-918117 -464893
11248 322071
-225639 -532341
798960 897362
428319 -604570
894909 -668110
524990 -990178
-848180 483140
-206450 -840958
833195 221420
-632143 985863
350554 783882
32790 840539
-25320 -246381
-622747 -172186
289574 267438
-412630 354844
172429 214131
953407 812489
420885 786228
-702430 -721882
-449793 -113654
-554576 -251533
478524 -383110
-885983 92654
58975 617079
-450951 -480266
-755944 -978326
-819022 -488472
60430 -142769
-847391 -493419
-671903 572752
-374537 587543
-5045 -437233
189594 35804
302472 35811
-192866 -639711
736255 -285017
-674253 48432
-489913 687470
-823617 841073
960979 651620
422975 -38823
485371 444496
551709 -179308
-773960 651495
447388 926742
99096 186076
-314487 -601995
-539585 -351908
479128 -990055
176745 -482792
-638457 557075
-222216 849442
807824 741311
-193278 -367144
-685856 -593163
-771168 -301924
941520 -318918
-591644 326974
-673911 732766
879116 -269259
874557 493913
843504 442050
558657 -352637
-108697 -789692
-32664 -772350
415125 427794
-90505 899004
-209487 -472968
979877 63961
-401582 -902370
-384274 613002
516727 738032
-432147 771018
-682632 772499
-993525 789725
9638 -33489
866947 -120277
327154 701299
788980 -524138
42709 940490
-141387 360697
81630 91678
-170689 891757
384568 -56341
-592650 443637
-967800 498977
-338131 -976344
-24421 478996
-172502 -827784
779638 -455949
-984259 6422
-830085 -426328
305951 63279
323016 -444810
816905 723
-301664 489796
-605542 -771117
697607 303992
-434801 -915979
609976 -933814
-7507 224161
633893 -193696
-985491 -771926
130614 235815
-831206 -417989
739021 384923
-14042 65716
111236 -420179
616100 973107
453594 363566
3291 -608831
401358 -387053
924747 520941
870358 -345552
999925 -185231
24199 523884
-940982 -144975
-376771 391683
-855906 -642023
707562 199831
162979 -857371
-390611 804322
611834 79500
673489 864212
364616 438470
172334 274957
-860231 -81794
-844218 -136886
-737878 922166
333952 838834
365504 -697441
923015 675512
422226 664914
905428 274977
897126 860832
267447 117698
-239113 297009
-176475 -375644
487353 788134
505063 325152
425661 333319
-740653 639510
-947634 692364
-590057 -83910
666541 -714466
2830 -46345
-224274 967734
538226 7562
-350054 374501
-598235 945296
521859 -881021
141644 -350950
-235145 -761435
-394763 328584
206408 663266
241891 225206
-488544 -543868
658162 -452430
539086 935093
-799445 434220
166071 795879
-871461 444779
-565468 353226
-29186 26338
-275970 -595397
214622 -418709
-148366 -734382
222800 -314635
320672 -688852
-14060 833409
601424 -42341
266203 701579
-613821 909185
-925297 -24657
788878 204688
482467 684697
79008 -711179
-287303 904137
-344343 -507520
773655 -38010
-468217 536148
354562 -80619
-792395 -262918
412165 209182
154430 -955609
813535 -562359
-951100 -295738
-86495 823444
-269709 788280
-275599 -900556
440035 -689526
69775 -856167
395124 -460101
-410052 -411073
184845 340603
450975 -803708
-442091 670114
-268092 262506
213259 -118349
-638347 743468
-245271 946639
-328876 575421
-212447 547423
450820 -557047
712056 788653
-432889 488813
38841 -182260
301894 -64807
-951277 698626
239829 827081
280843 437961
814753 728690
-397701 -571352
-764536 -922960
-794340 -866885
-424299 844412
294450 666675
917331 -614406
-361020 -249636
-658782 852514
-31012 553676
475272 925919
-830860 -975886
-481802 48146
-454686 -830353
715570 -371316
34805 -301147
372596 -147141
-540986 -89036
-642943 -621006
637119 572895
677216 -449138
910617 410618
539485 -117917
250955 451707
-248561 -282217
-58826 80134
77059 7192
-521778 -821267
184267 -531410
-115043 356892
-759992 97017
-652062 -674126
74679 180712
-498720 -913124
440191 -729121
435818 -766556
631108 -293386
-886497 -377083
-186092 617577
-123655 -49372
-552099 352132
-682621 593612
-147666 -923257
-97619 863031
493195 -121443
-347734 -633640
-37496 -173847
-91149 -329069
71389 -116312
-918335 849343
11292 458009
476844 660659
-263399 37307
-437018 -48518
-575239 -119647
764646 12740
-274375 -444893
-538682 417953
-786218 -269887
250927 -40463
-974168 -701312
389518 392448
-366199 -422775
754828 -721075
44442 229450
430048 -433887
740588 644266
160709 -309208
-608669 -4061
554250 474204
567963 1362
-516404 484011
-141296 -857410
-713475 -635810
-90661 609070
999343 347720
-20753 842453
402829 -506481
782954 -682804
-624051 -546261
631784 118617
-183385 -304734
-430027 119855
828536 -50687
-328150 -392602
267318 -510560
-847644 -397562
-279112 358165
433486 153097
-238936 116332
307113 885610
586310 522872
-345936 -78799
278127 118067
562391 -531562
632215 -304006
133193 645023
-267077 -239474
763874 983150
-709449 924179
-754682 -643829
360868 -273277
-550047 -650039
559508 179431
383601 509571
-730091 -301206
-599310 782988
593447 964406
123 759897
-193363 -784678
591527 952052
521771 -508262
47019 118477
-423929 -735306
121500 538716
95213 80100
-548428 -148122
-28214 910921
-82544 -344408
-544852 -45305
775052 765871
666883 102694
785461 1033
370692 -485941
-781789 720038
102900 360300
847890 -264856
568283 -149225
719054 -336839
729361 -86602
956348 -7452
-969105 741894
-464164 497753
-566279 -454201
-435753 -417628
-697625 442497
555812 -583759
-377296 730314
-973711 935940
-535231 -184289
-376801 -845991
-326246 48599
676908 302305
60887 385483
-674656 167799
217624 -624367
14922 236617
662205 123260
-995885 -689315
925852 190260
590392 -408841
359879 750676
94496 46724
517453 -815219
-52172 537761
877985 714416
742406 -127239
453564 -224585
-662878 66123
807327 112354
-991086 -188203
-54512 -199204
-764186 296938
-38975 974153
303452 915902
-789367 327344
-968852 309698
-844607 383213
-125436 655918
-627219 810738
-274210 278941
740384 -747260
