3619
9663
1569
5053
3159
5798
2485
1022
9900
8694
3511
4488
3192
1128
8876
2841
9324
6470
3553
5522
337
4069
1468
8002
6864
3285
7052
6240
5505
4679
9796
5559
2181
3773
994
2526
4276
7314
4323
6699
7939
476
7924
3343
9948
833
2247
1199
1842
9465
2507
2440
3838
9246
1065
7047
8822
2402
9528
6991
5228
792
7364
2812
8417
6445
405
757
9414
6594
4497
8538
3230
9542
8650
6125
9169
5158
3660
2659
3744
5789
4387
3538
4166
6501
7285
4683
6901
8987
5658
9024
5325
7655
1873
4909
1012
5758
5088
1843
2327
413
9684
436
1694
1289
9516
533
1182
6578
8786
6171
3963
7299
905
5193
2978
6844
8528
9150
1410
3571
3669
6977
6378
1340
9327
1445
9132
6177
6335
1783
2309
8546
9355
5817
5804
6351
7944
4277
2319
5910
1601
118
3443
1286
2252
1976
8823
7076
4301
8787
8863
2564
448
6440
3794
3686
8898
8424
382
1393
7709
4705
6593
2851
1147
1360
5957
2352
8120
988
5216
5897
7728
51
5490
558
4146
151
8237
6248
829
9538
6583
3464
8170
673
7310
6291
9989
2569
7074
671
4391
686
7529
4410
4769
3795
557
9555
9701
8278
7465
9733
5812
713
1452
8352
1835
9946
5498
2617
2196
2508
6244
5834
513
848
2549
8358
7186
5139
3517
8590
7722
6489
1463
4582
3711
2069
2281
1671
4530
4443
3768
3892
6794
5068
587
7989
7346
6224
1733
8373
8235
23
4682
2868
2420
3755
5101
136
5148
7678
3197
176
9599
2766
4065
3387
99
9006
2684
6528
8696
445
8593
2308
4469
4910
3983
5588
2729
6569
9377
687
5365
5178
5189
4613
5237
7702
7412
6560
9207
2389
4635
9771
5997
6934
8046
1737
3405
1330
9451
963
3081
8434
404
1143
1406
3629
2944
4235
1024
7850
1040
5428
6858
9975
7597
3304
6997
2345
437
2619
1650
7380
899
6774
3195
6792
2548
6249
9456
6322
2947
1079
3633
5055
8400
5221
8873
7129
8181
8854
1155
4619
8166
2205
6993
2853
1765
625
3212
9841
260
4092
1368
7208
1936
599
8124
3621
2573
6318
9741
9816
2833
3954
7566
5592
7897
6252
92
6104
2613
4703
893
2347
8644
6245
1901
5487
6606
9489
912
4818
818
1597
1217
7800
5833
8769
5267
6254
6550
2551
4646
5515
8748
2593
7657
8866
1968
2628
3806
7396
7533
172
297
9181
5031
7937
4132
5964
5721
2984
8406
7316
4164
2943
2336
4991
357
8386
7487
8894
8378
3717
2909
4890
5937
5974
1547
4379
6008
8496
2924
1581
444
7397
3217
2136
6435
4504
8677
3826
3550
3461
4513
3004
607
2756
9385
754
8090
6473
7195
4852
1162
1369
8884
8680
358
5416
230
8589
5620
2637
8452
9676
9742
3477
6438
6253
801
7243
8393
4312
2047
2758
9440
2149
967
4458
249
9835
7882
5488
8816
7507
4834
538
1954
7560
7727
1654
2301
8810
6782
8983
325
5147
5375
9534
7570
977
8762
6848
5666
2649
6356
8675
4478
7489
4202
5124
2691
7065
8790
5708
944
7240
3512
7715
4349
8429
8902
8263
8058
112
4017
8773
3425
6357
9107
6264
7389
528
8312
8789
2231
9674
197
5205
667
1013
4796
2199
5018
6364
1789
2026
6709
6204
3481
8096
2209
7625
3666
3712
7682
8565
9707
2462
5883
9201
6608
1490
4542
6502
9485
6927
9551
1734
9257
8883
9118
7145
6098
3307
6484
9351
1187
8850
5256
6393
1244
5370
8028
1403
9017
9736
5548
8207
483
6966
4930
2940
3956
1411
4946
5461
7480
160
3292
3407
5401
2565
4895
1336
9786
5632
2098
809
5539
1011
9953
2677
8950
2391
605
9981
9696
9026
5746
655
4690
1942
7369
6777
2746
3748
9828
5653
44
957
4318
8260
328
8890
6535
4474
518
4814
2688
4234
786
1652
9093
1154
8715
5638
7071
8399
8964
5618
1558
5929
9384
4556
8334
803
6671
4874
5162
8578
9801
1693
7117
7661
6320
4830
3805
6350
2374
1580
6759
3604
2499
9329
4608
4421
5185
3775
2242
5058
5333
4853
6700
7905
9724
9999
1474
3902
8119
6722
7521
5864
2424
3441
985
9175
5528
702
2048
1395
6117
3526
3375
3809
2164
8473
3584
4649
2195
3681
9333
5231
8117
9680
3327
2382
8418
8085
6235
1007
5801
6406
9223
4398
1173
5775
5334
4396
301
381
3061
6817
9117
7191
1803
8909
6011
7534
8172
1459
6868
638
3053
7743
9734
897
6278
8490
7189
3654
9016
3019
2425
2683
8239
837
9244
1527
1980
3618
508
2545
8011
4555
8908
8735
4229
83
7375
4282
9199
1872
6650
7330
6492
2917
3349
8431
2846
8540
2147
6449
2828
2774
9480
2493
5313
823
2702
4134
6379
5204
2814
1157
1543
6852
8614
1084
699
7649
1766
3458
1376
3713
9369
532
8147
7309
1744
8262
6316
1608
1619
2772
5396
9050
5894
7073
4195
1210
9346
9374
3244
8281
447
4531
1831
100
9888
618
2323
6786
7343
8612
5851
3462
5359
9277
7228
3011
8501
612
4283
1874
2486
739
243
4370
351
1374
8000
2815
3738
7791
7946
3037
3872
1687
4125
2661
1819
6491
9113
1431
8089
1129
7748
8385
9881
9488
6460
4863
8623
2747
4710
6201
1845
3374
4180
9751
7368
6905
5886
6625
9325
9225
2304
3408
2759
1220
5784
5308
3678
3158
5319
4940
7605
2076
449
827
5583
5423
5643
4030
1876
9049
3843
2189
378
9521
1252
6137
6085
2819
6256
8003
1614
4340
8859
6468
1492
8284
6010
313
6188
4521
4345
6659
4037
1685
8905
4588
8228
5849
9780
3440
3266
1838
4136
3056
5212
1440
4098
3360
6629
6463
2825
6158
9866
883
3204
5296
6729
5694
8708
8889
856
9586
5479
7056
4307
749
115
7251
2396
2651
5064
4625
2750
4772
63
2024
7026
9568
255
7163
9762
2078
1280
2259
7982
5537
374
2900
8144
6000
4632
9998
6190
3939
2979
8216
2159
7724
116
3921
9406
162
7203
2937
9850
7718
4447
1069
6715
3130
2085
2804
9577
2696
4704
6820
9942
4595
3640
7907
2200
924
1307
9455
2952
121
4717
6946
9396
4916
9823
2954
3831
5859
753
5187
4003
880
6757
2971
1184
1525
396
2990
7118
9763
5675
1559
8048
5945
2373
4495
6332
7498
1761
7582
8299
1494
3141
8466
889
6909
7508
8
6333
342
8637
9143
4332
3409
1644
7422
9563
5662
3109
6922
8269
9168
1905
9100
3338
9376
6403
1856
8567
2434
6503
9918
2155
5982
7632
8168
1169
3009
7058
4805
3582
970
1991
5470
9413
4154
896
572
5439
2291
1606
5838
2256
3598
717
6847
595
4995
2
6662
4700
9834
7912
2061
8796
9787
3732
3154
4004
2782
9191
1651
7221
8858
4313
5657
4860
7963
7726
2386
7070
9911
9019
4760
9404
8455
9159
6701
4042
6052
2446
926
3422
672
4564
9994
5576
200
8026
5538
1421
2957
2807
5754
5935
2765
1738
8126
1402
8777
7230
410
7220
9665
6306
7633
7919
569
4592
5009
4336
6827
8806
5661
7260
7600
2422
1027
2826
5355
9872
6690
7090
4477
5126
6850
4870
1918
7417
778
5549
3657
8875
5
353
5830
6380
6548
5450
9280
4252
8627
9353
9205
4540
123
1924
7315
8691
2184
3317
6072
1041
2850
8962
8428
6581
248
2378
6610
5786
707
1224
6517
3756
3613
215
130
8891
3857
648
7837
791
6382
6218
9204
6988
1779
1934
2204
7401
7713
9323
9216
7940
2166
9453
826
6810
2313
4498
679
9356
4712
3485
4029
6891
554
8230
8664
2302
2532
9360
2510
4567
5289
8661
7003
8094
8841
7297
4025
1944
8076
2790
7680
2915
4435
9476
2017
8236
8947
3047
8657
9574
1324
9298
1415
6500
2070
979
7759
7377
9157
2934
6845
1432
6942
4000
1161
459
759
2538
2495
7887
2610
9697
3043
8923
4794
9294
7980
7804
9071
5729
421
4052
3335
1179
1928
4586
6511
3014
7478
3134
7926
7325
7932
4797
3433
4672
3519
3023
6926
6281
2226
453
9863
5197
9853
1566
6645
4865
88
3216
6582
5395
580
602
1743
6495
8906
1665
784
3290
3846
3527
631
7663
7341
3162
4670
8493
9408
3784
9678
5868
7298
660
4519
166
395
8311
7200
1270
3928
4198
9411
1363
6718
7854
6808
1607
1222
9096
3186
6303
6986
4524
9155
2435
8897
7431
2122
7494
2230
8774
4862
798
9519
5904
7974
163
1542
5546
110
855
5514
6600
394
9694
1926
2847
7041
4170
8078
3221
4453
2305
838
326
7620
9522
616
2717
3701
3060
728
9285
6196
9951
7738
9138
7866
6290
7547
6877
9176
3643
2676
934
8234
1881
8006
794
4790
6556
9992
6769
8860
6998
4141
6869
7790
4242
4104
3102
1225
7968
6698
5574
1602
4015
133
4654
6419
3599
8113
3579
1457
6741
7080
4960
1399
1724
1965
1106
6304
2608
1646
3893
8013
1567
1055
7154
762
2235
4921
7684
5471
1701
8479
9332
3914
276
1101
4369
4952
3917
920
7424
984
7146
4035
4698
2667
3612
8040
8322
3453
8353
6230
1351
9014
9770
7565
2502
9020
676
9108
3377
665
272
7109
1076
221
4912
3402
3513
6691
450
6250
8049
9475
5958
8087
9747
9481
742
9338
7805
9821
6766
5889
2329
9239
1943
5652
4086
1755
1640
8830
8135
3727
1573
4337
6987
9976
8345
727
7841
6954
9120
9562
3927
6881
9167
5492
1844
9995
2895
7477
8369
2929
4288
1356
6210
4673
4403
8856
4817
7822
2029
242
4470
119
8545
7692
7698
1696
8251
5990
266
9303
26
891
8313
4210
9846
9269
8038
3232
4266
9316
1456
3329
8389
9192
9658
6834
2763
1319
4908
7485
9531
1248
9815
5582
9570
1201
2086
3346
6681
524
7078
9028
8899
273
5778
1804
8660
4746
5052
4394
8187
1133
6099
6465
9403
5258
9452
7568
1262
6815
352
5078
9641
6106
6336
4287
4348
7277
2202
3087
4512
7068
385
2120
9518
8668
2176
6330
2317
0
5703
9263
5678
4743
6612
3608
3206
8518
226
9524
8339
5203
4091
5777
9284
7830
8218
3570
3544
690
7476
2886
3623
6989
4468
2251
8966
5286
4335
7062
7313
4056
4467
2587
5867
1708
4333
680
6024
560
523
4074
6493
4450
1118
2395
2476
9829
9106
822
6299
3536
8519
5550
3980
3552
3684
1070
5196
7623
650
3025
8554
9395
9412
7784
2923
8288
6358
3322
6037
271
7495
4269
9472
651
464
9501
7112
2899
9039
7793
210
8093
6552
5276
5232
1700
8005
5047
6758
9390
5073
6431
5654
2640
1287
6536
2816
9186
4548
5034
2408
5115
4226
7843
3910
4040
1479
1639
8768
5194
1062
9009
5316
858
5848
1437
6066
3525
19
9906
4505
7519
6849
4866
4120
627
7610
9044
7060
138
4810
441
5665
3326
217
6310
1858
5619
5996
2824
2198
9504
9058
3347
6200
129
479
1656
9980
5544
7918
5499
3967
6154
5131
9137
4405
7890
5368
941
1960
955
7654
5303
8474
1849
2742
4856
3332
8912
5938
9549
3291
1419
9634
6260
7304
9571
7016
4356
1715
9366
1081
5763
2671
8332
6474
3828
3435
8502
4465
4674
2278
2254
5421
1763
3048
1702
379
6592
2348
3533
7987
4520
5143
6341
2992
7152
8695
7464
356
87
9198
3592
6738
8421
7205
5353
5310
9507
3058
8973
2234
7185
8524
750
9556
5791
6824
1518
9389
387
6143
8330
5969
8286
6694
3625
4979
2523
2116
6631
9940
3115
1306
7967
743
4291
5422
8835
1132
5730
1994
4761
6964
5861
564
4440
5146
7697
4072
9889
6127
563
649
4464
5866
9920
5589
3355
9170
815
3543
1148
4546
5491
8377
3305
2328
6028
434
6748
9548
1049
5242
3199
7044
4671
561
417
8130
583
3691
8669
1886
2754
4490
6973
8324
3977
4456
3384
2712
7219
7458
3137
7165
7814
2529
7430
5036
8448
8077
6679
1171
9909
8335
7038
600
3974
7782
4315
761
3184
6227
9462
4628
7190
3510
1090
2197
7238
24
948
3555
9629
6809
7629
188
1594
8192
4723
4643
1303
5626
8132
2233
1364
2152
4997
4715
1896
5295
596
7048
8433
2186
6527
2964
7586
5513
5984
4658
8879
7035
137
7599
1879
5307
6046
5741
4063
8212
6295
4311
8649
8018
2557
8202
6277
7242
7861
3055
4737
729
6124
9987
2855
3242
3256
2873
7563
7997
3699
9849
1098
5622
3522
3263
4735
7013
1464
771
804
1957
9822
3737
295
6130
1626
2771
3183
7130
7106
1891
2118
9354
2878
3369
6422
4116
1572
8178
8512
6459
3953
2276
8356
3985
1237
2380
3671
535
3482
2214
4879
5206
2872
1698
3201
9486
2534
2572
7746
6940
4128
4044
9095
568
7371
5054
8757
416
1298
7953
8514
1790
6603
4511
6912
6935
8992
1583
999
7322
3012
3800
6176
4554
7335
9596
3358
7246
3807
4218
8114
5213
5837
9871
8687
3785
7995
9550
7758
3835
576
7617
8042
7706
3176
7763
4695
652
6326
2839
5156
4639
2376
6619
6836
3689
1228
7303
7559
2053
7942
2073
1326
9126
1134
1158
3311
1235
9023
1916
7826
39
3959
2037
2576
9606
4864
2188
9731
6887
2818
1757
2221
5651
40
606
9957
6557
2145
8559
9410
5358
9470
5457
9614
4676
6232
1863
8965
7324
5783
9162
5500
983
875
2616
7870
2457
5725
6919
8125
4206
610
9402
2731
8121
951
7051
663
885
4927
6447
5586
3267
520
8509
8276
2064
9655
653
9503
4984
4522
6851
6223
6294
726
109
8915
7435
3348
8193
2479
9043
5006
5224
7643
4334
857
8848
6888
4179
21
7667
3987
3220
9288
4732
3063
4713
4418
7332
6760
5983
1056
7148
8027
4659
6083
3799
4455
8709
1064
3595
1681
4294
7157
5346
545
7381
5181
4678
2330
6439
4344
2482
4184
5230
1512
2297
5426
1341
8328
2629
4102
5879
7949
4246
3514
1245
4151
1176
8904
6831
1223
283
6930
8907
3919
8886
2832
5697
1853
9001
6426
8586
5712
3664
502
392
6924
1631
3822
2335
7482
6280
2210
5170
3372
8034
1259
7783
8989
3083
9094
2014
412
2953
3281
4308
1892
8852
1622
9160
8441
2536
8482
3491
5901
5356
4968
7768
4491
7985
3507
8203
5853
1726
5093
1016
7202
9011
6539
3120
8442
8832
7672
2875
4010
1723
5766
2907
7022
5029
1097
474
5572
5354
628
1972
9070
2455
5130
2346
3887
701
3238
6545
6219
4934
656
9111
9334
922
4607
3314
8931
419
6370
3909
8737
6634
6397
5451
5466
3869
1777
5711
7855
5709
5394
5978
1296
1938
5876
6401
5599
4665
7622
4259
7733
9300
5275
8195
2558
2920
223
2760
1966
1349
2799
3101
7390
9215
7612
9265
5967
1978
2465
9898
340
5821
3234
3434
9454
8702
8209
6016
9662
7505
2820
2905
813
7740
3808
3065
1458
4026
8903
5305
2137
246
6448
9172
9464
7703
9450
1348
6103
4529
9337
6467
1663
5274
8242
620
5160
9824
3883
8797
5483
7927
5090
4616
3113
1963
4675
4203
5186
2506
6172
8019
8024
9060
7067
5606
8337
3196
8808
3076
6150
1532
5026
1059
5363
8513
1610
2643
2282
6746
7787
709
9732
5744
9086
5873
2789
964
9267
5760
78
2695
2354
7216
9309
3089
6021
9814
1486
5337
906
6910
869
6609
5144
2013
34
7984
7321
1478
1104
3233
2719
4064
4936
9253
6762
7455
708
270
695
8945
5179
8939
840
6833
4439
6532
4993
2212
9535
7584
5512
7311
2559
8552
7473
688
1911
9517
6263
7288
4088
3446
2991
8226
579
6234
399
7226
6096
8685
9158
3518
4482
4190
5835
7757
3515
5603
1888
9415
4569
3860
863
8594
5306
6756
475
3505
5631
9350
1878
3169
5540
3445
5738
341
2124
5049
3881
1390
1177
5219
6015
9746
2916
3373
9230
1337
4851
6648
7593
2178
950
7652
8021
9048
6384
548
1483
2505
9514
904
3427
9628
3542
3419
5735
5696
5217
7294
3187
4360
3071
2541
5647
7049
3207
5693
5290
7089
2885
9409
9688
9856
5503
7286
6030
364
9820
4843
1427
3388
1329
439
8831
9237
971
5896
9097
2158
8723
836
6818
644
6925
20
5322
1784
2585
1952
9984
796
3757
1316
5530
974
6697
3981
7920
5568
7470
5963
8697
5183
1408
1068
3380
8928
8164
62
9721
4371
2321
7647
3564
9897
7292
8605
5633
1832
1277
9618
9483
4766
6236
8091
9969
485
5373
9247
5399
5820
3395
3734
8376
8510
3487
1009
811
9427
553
4638
8478
7331
7367
8426
4666
1988
7018
4739
2554
9723
2918
6300
4485
5494
6674
1292
3753
6436
29
1430
1993
965
9648
9339
3882
6802
9552
5862
3448
5731
8959
2856
5995
2698
3648
797
47
7899
2110
6184
6730
3503
7691
9461
5007
5553
9445
8100
2275
3366
4897
3836
7232
5625
8535
2071
4144
2522
1967
6637
7504
1130
8243
4764
8739
4808
2033
9148
7979
5986
4262
252
2904
2040
165
5497
7209
4996
2647
1183
4506
7329
7088
1588
4499
8037
9362
2755
3855
5925
9620
3590
389
6644
7447
3949
6586
7462
5742
8142
6029
736
6635
9139
1520
2099
5091
5952
85
1880
5114
9933
9687
9301
8304
4983
2219
8349
4819
2215
5272
998
7960
2620
7846
9248
2672
108
6558
8985
8361
2566
6601
4054
8665
380
7451
6879
1144
9774
5294
9496
7567
4699
343
9882
8355
8252
5192
5113
8575
4119
291
5596
1752
1535
923
8291
8925
725
1472
1293
3459
3993
440
7181
2859
2280
3379
1503
7867
257
5950
5527
366
5478
6832
6451
2796
2019
7659
3219
2935
6490
8529
2491
5431
9226
817
756
7282
9631
6882
2581
1740
3114
2893
3353
5776
5339
512
8483
7769
3418
7877
4095
2560
7446
3040
2857
4051
2060
1625
7677
1562
5765
1551
8108
8449
8613
7134
9419
3992
7493
8698
3586
5017
8601
2375
7638
1005
1207
4321
7042
2933
4149
4905
7057
9910
6813
2206
319
4489
2737
3950
7490
5877
6202
7885
1818
3117
4599
8128
7496
7289
268
6414
5112
3780
9838
1541
7066
1131
5808
6152
3416
4341
8801
9572
7253
5966
2993
5117
3421
93
4389
9084
6585
4948
1036
3110
921
2112
3731
540
3175
9559
5247
4142
2792
8392
6407
789
8755
9638
5201
5518
3391
2062
7357
3815
3781
8414
3548
1830
8427
6228
6231
2701
7255
1875
2664
2121
245
8630
8566
128
1848
6133
8855
1302
2986
4801
7773
3559
9810
5644
949
6510
206
527
2810
2863
1470
9092
3258
4021
4295
1067
9794
7781
5266
2777
704
6675
7405
7166
2049
56
2511
3879
4175
2892
9473
2294
5793
4734
2552
2474
7101
2433
3565
4823
7631
4351
183
4432
529
8809
943
7607
3494
8759
8072
5249
4138
1895
7761
8412
3490
3726
5580
4829
125
7838
6573
7719
5269
4893
7712
8788
6160
7444
966
5209
8437
1373
5377
5524
3966
7933
4401
6063
5485
1120
5043
8481
4982
6070
289
1487
6564
6221
526
7906
7416
3642
8115
4831
7161
2283
9937
3341
3636
4289
4563
3852
6803
6272
6055
2641
3624
1003
7361
5705
8979
6830
6514
7619
2625
8936
668
2556
7287
7598
4140
5238
2471
7290
3100
2902
4019
454
8457
9448
8047
4374
7777
9151
9443
9122
7037
5687
1300
6979
4362
1791
8829
4650
9667
6615
4244
5107
6618
8416
2821
705
1705
7225
1754
5105
7420
8390
6735
1392
2881
7641
8194
9793
7252
662
5600
6189
562
1627
31
4973
2002
3541
9646
4238
5932
8880
1380
9378
2543
7576
3779
8158
2580
4549
6613
497
3583
7033
1420
274
6241
7865
4728
4013
6933
2996
8232
7135
9386
5795
1505
9739
3177
6385
8713
1485
3316
1051
6921
4153
1125
8821
1727
6168
1188
5855
9375
1827
1100
6257
7173
5245
946
603
9417
6478
8721
9421
4899
3227
8491
7123
6170
7153
5175
4302
7160
1203
6972
3724
8350
2414
8083
9591
2358
4251
2946
3622
7956
6780
7828
4568
2794
2682
3729
4957
294
1166
4651
433
3601
8256
7373
8382
3330
6211
1322
9719
4239
7178
2681
3911
4733
9547
7823
5747
9495
2285
362
9789
3321
8338
3903
1501
5927
777
7690
3122
8383
608
1308
2680
6342
1219
1731
3315
894
9811
4093
4850
2272
3050
1434
4730
9666
9213
8862
6519
6761
9437
8878
6487
1618
1272
1153
9891
4575
9249
7840
8843
3535
8663
331
7929
4669
5227
4012
961
175
4058
1297
6900
4417
4547
4988
9587
3889
8766
1168
3504
7794
5715
86
7770
4176
287
732
9903
2670
2141
6731
3539
5895
1515
5858
8396
1729
1311
5464
2829
7125
1613
1449
1230
4926
4605
2095
9463
355
1426
1386
3930
1984
2583
4842
2775
1019
8343
5145
7797
7705
2289
1823
1739
171
1441
1771
2562
139
5406
7354
247
4527
4433
8379
5433
4462
9584
72
9146
2238
4726
2025
7700
4550
9042
5015
1653
5459
4414
7198
7110
8603
6856
927
4878
9672
8960
2368
7387
8949
7348
5717
4751
7069
1508
4084
4778
90
4883
785
42
5013
1522
7741
8911
1869
3677
6728
2745
3022
4494
5543
7347
7998
2739
9886
2555
1438
5941
5704
8340
6826
8153
142
821
9854
9965
6091
1072
991
6788
621
3054
9800
9512
1632
9422
7627
5616
2913
2513
8521
1962
9391
46
8926
4849
8643
202
2179
3865
1711
783
8084
8116
5040
7776
6724
6047
8057
5806
8646
2817
2237
2600
7045
5381
6884
8010
5769
7350
2080
611
6896
1268
2081
9743
7281
3449
6389
8052
1630
1200
2778
7914
3897
7210
2517
7360
6284
4534
438
8060
4131
9040
2314
4431
2490
3406
2394
5664
1586
3288
9982
9932
9601
4697
2866
3411
4985
2222
3067
4158
1083
8174
2983
1335
6554
7556
7194
6597
6496
5815
3922
4875
2134
1710
8619
9442
8186
7502
6764
9361
5251
2059
4854
6626
1288
4005
3841
1971
9979
4583
4871
1138
4581
3145
3247
7544
4585
972
2452
953
9065
397
9892
3650
66
2119
3938
4075
5109
2450
8933
6945
9206
9790
7806
6811
7799
8583
422
9005
8836
1328
9523
7621
987
3051
9664
3937
5163
4846
5348
9627
1792
1043
5152
6140
330
9904
9970
7345
3240
2437
9716
2322
835
181
8180
1534
816
8425
9330
468
6293
2708
9885
1110
4510
696
9505
1538
2623
7147
2802
6182
1933
8041
6795
6670
7729
3489
3282
3157
4928
8970
7236
8817
2361
4812
293
4840
4727
7263
3324
1285
7352
2445
2310
4338
6680
8812
7849
1202
4419
1683
3057
6022
6749
2003
1439
5740
5797
308
5634
9152
575
4889
1063
6027
3385
3313
4577
3824
4517
6078
2823
5898
7751
1195
4068
5508
5362
1997
420
4597
9812
7064
8200
8486
2104
4901
865
3868
6118
6707
9611
2968
3243
244
1381
7835
4187
4551
738
469
9059
2372
4541
7317
9076
9242
9673
8719
6075
7957
7082
339
9923
4503
9089
5749
6101
2466
429
146
8919
1719
774
2359
947
6442
3008
3714
3472
6771
6169
3833
4231
586
4978
8468
6080
7030
8548
280
3635
1198
5692
6960
37
285
3752
5042
8169
3152
6012
1925
2191
6825
6394
2131
4836
6781
3706
6907
8994
4157
9317
7155
3997
4544
3297
6214
5469
6307
8470
7120
2087
5096
6208
9045
4407
5103
8868
2724
1985
881
8451
278
853
3750
5727
5504
9575
81
5328
6917
106
8314
4046
8807
7550
8705
4230
3295
2692
5437
1780
9221
79
6005
3417
4376
5136
866
5180
2720
5781
7954
6890
2287
7831
6122
6509
7635
5032
5071
8316
5045
5413
3798
8617
4466
5129
8360
3975
3638
6149
7014
7488
5489
7320
9972
7172
4779
3044
8537
4143
9165
4162
1629
6337
9306
7102
2500
7874
9713
9759
4686
5608
8547
4609
1623
6711
6605
1714
8541
9558
2713
126
9271
9436
7951
3774
3400
694
7962
9608
3670
1709
6950
2512
9533
8733
7279
1689
6296
5959
2182
7602
2973
7023
7327
3424
6147
1346
5655
5392
5495
5360
3229
7749
8849
9791
1388
2339
3591
3073
1073
4880
5380
9174
5442
2646
7778
6664
3658
9438
6498
9768
430
9068
7126
7248
5086
3396
4839
9985
6971
7326
1047
9513
1686
5689
9943
555
4178
5757
2830
7886
6413
6205
5875
4298
5656
2139
8051
7952
4437
5374
7337
5265
1414
1435
3249
7969
9557
6255
3139
3848
2068
16
7935
4331
3649
4073
5430
8628
8401
3804
1692
45
4045
6456
9901
2540
1250
7590
6472
8210
3964
8573
5999
2768
1424
1417
8618
7245
3568
3003
7972
2606
9136
4207
7370
9727
6126
290
3085
7983
8764
2046
4970
7235
3193
3218
6948
8289
5908
4366
4918
9645
7577
1436
7300
8957
2052
8371
452
5199
3672
2271
1609
5536
3108
4481
1931
884
1762
4642
7342
3468
1396
3989
9576
4286
2012
3275
9467
7034
6417
4841
73
4047
5865
5976
6105
7755
1617
189
9231
5799
6733
2879
6871
1946
9490
1197
307
5027
958
1310
4071
3325
2519
6607
6226
9115
6148
2650
4692
1720
406
7780
5120
2123
9430
2340
2654
49
4309
4137
3735
4951
7179
834
5650
58
8555
4807
3236
2586
9851
8706
9546
1343
6867
1236
2831
9650
1405
2295
1261
2931
267
4618
7211
9619
145
7061
2333
5084
1941
516
1149
1266
2397
3029
6045
770
814
3214
327
1239
3920
6095
2175
2813
3850
9691
6466
9291
5507
3702
868
5640
8380
3901
6246
2710
4835
8913
2180
9725
2942
251
4076
3502
9278
9554
6166
7836
5022
2843
1529
5915
4803
4859
194
3958
7596
3867
9540
8461
4346
7734
8139
6131
571
8229
2177
7789
6207
1825
537
5250
5772
2732
6477
6936
368
7450
7545
9348
470
1258
3792
5854
641
779
5263
5076
4189
2484
6476
3268
6958
3328
808
4317
9423
4787
7611
9212
2967
6391
7756
3733
2353
9041
2018
9912
6705
824
1031
3546
9797
1951
506
4536
2239
2704
4515
6665
8267
3302
9573
4756
1643
5916
8522
8271
292
8576
8995
6268
6292
161
3280
3790
314
302
1398
8508
9773
8608
9116
8794
2612
6073
3680
7318
4611
3283
4920
9444
2530
9769
2077
952
296
6819
8141
9449
929
3700
3228
1751
1678
2690
9061
8690
9069
5593
7328
3442
7183
3973
5691
8287
3423
451
8445
7753
9588
1178
4038
8109
2150
724
6392
3743
9134
4706
3718
6441
3386
2535
9266
2044
5405
3994
9867
9767
4663
6061
4721
6829
4543
3647
6863
9270
5646
101
1571
6768
5089
5379
8208
36
843
6471
8716
6572
2860
8511
7991
1635
9855
6739
3547
5577
9839
5629
5948
8561
7642
5008
8346
1939
1553
57
3845
3178
1507
7977
8198
7323
1048
2082
3068
2045
8365
6574
5138
8635
2700
4032
6058
6800
2030
10
6785
6689
7501
4280
4067
9986
7072
7668
9553
7449
546
7640
8551
5928
5951
9015
6151
4130
7704
6941
4385
2939
9240
6314
3840
3046
1050
4963
1150
298
7254
2528
2727
3996
7941
6667
349
5922
5453
3821
7012
4197
6636
6479
1865
9032
1333
552
7606
9387
3172
6692
5127
8752
8725
4593
1704
3986
3912
8106
986
7484
3770
2524
6880
8991
8171
1592
5496
2469
7174
633
543
8395
6704
7055
3118
6388
6067
4275
8458
9950
8134
7955
15
5953
7904
41
300
928
5753
9036
2240
515
5684
7394
5569
9109
9647
5648
1591
2827
3180
7714
6065
8948
2597
2547
8411
5081
315
3094
4884
6632
6433
7671
6823
4967
902
2743
2016
7349
2279
5780
8574
5190
8059
7388
1852
1141
9877
6840
7258
3982
9447
4182
4357
8336
6144
593
9299
3566
7844
8684
2172
2805
2809
8283
8564
9875
8686
6903
3153
8409
7662
9722
5025
224
9659
7650
4684
2725
9947
7391
7589
1574
6220
7721
4634
1810
862
9561
4380
551
7592
8088
7497
5014
5832
4977
7081
2056
3428
2105
6354
3284
322
2927
6876
7959
4941
8747
5751
4904
9689
2473
1834
9530
4822
1730
4765
4297
54
2673
1717
3627
7895
9188
6563
432
2187
2106
4425
6703
8990
8105
1444
8253
4791
61
170
6668
5998
9397
8688
7278
6120
9865
7996
1429
7218
4966
4381
6957
3551
9195
3742
2248
8185
6273
5472
888
2318
4299
7267
6360
4359
5002
5949
5044
3026
2288
6624
1642
7500
521
1519
4944
2706
5312
7159
9715
3334
5236
6789
3918
636
4603
4775
6212
2965
1367
7453
2960
721
5674
184
2803
5745
7257
692
3299
3739
6209
9156
3634
8065
936
2430
373
9297
5097
2148
1269
5240
3469
954
5880
5565
1778
6153
9545
4055
6409
7432
1080
9428
3530
4496
8921
3351
5409
5884
9057
7015
2561
7579
8700
8351
763
550
5943
1913
7816
9418
3336
2306
6416
2633
9373
9602
2286
556
5887
9141
3194
9083
7665
4873
3274
69
2405
6197
2393
7234
8495
8150
7676
372
9310
7526
8023
8642
3231
5327
2969
1785
3803
4943
2117
1135
682
509
711
6311
1274
5612
3607
9537
8300
1294
2728
6026
7938
113
5023
484
5752
6084
3823
7514
5067
4501
7439
8930
9605
2627
7639
8515
9702
4748
9592
1077
9737
7513
8711
309
1662
1870
1433
6969
3716
4361
1045
1213
4584
1026
3467
3720
980
3560
9582
4273
7237
8865
3479
9183
2987
6315
7296
18
4580
3707
7965
3125
1664
3465
6657
2998
7575
4212
903
6663
9935
3679
5398
976
233
9578
8029
5558
4612
7108
5564
3064
3864
3588
9004
744
9177
4688
7811
5947
4964
324
3653
1025
6229
4237
9268
7675
481
7421
1320
5182
7272
1894
4537
7414
9698
2036
5069
2570
877
7945
2509
6175
8726
6258
4109
4792
3661
5961
7425
3687
8595
370
6113
9776
582
177
2544
1514
9929
7736
1798
4630
5407
5554
4034
3079
8740
1409
9349
8435
9869
9276
8104
6138
3603
2451
1214
264
7911
9807
7871
157
5318
9420
7434
5610
4043
4885
7144
7006
2366
5811
7308
6686
33
7999
9813
9319
9502
8542
3401
6271
3978
2910
82
1451
8241
2360
6908
5700
7716
5098
6025
2007
318
7542
3484
3431
1969
4014
882
6142
8155
7440
2129
2542
3252
5944
4442
8419
4744
180
8592
570
7114
7532
6947
2427
3072
7085
5357
2504
1362
3572
9233
9218
2058
7199
1919
7785
2615
3948
2173
9718
7908
4111
4127
4101
9795
7744
1057
9296
842
3136
1945
3837
670
4039
5082
3371
4571
4677
9597
5843
7105
588
1283
6004
7673
6944
5349
6838
1600
2811
391
6086
7613
3128
7413
97
4896
8900
1990
8063
2685
256
530
6710
8227
8833
4971
9843
1544
3426
7528
907
1257
9738
1502
6412
504
4626
3309
2088
3690
8666
2733
3758
9669
9967
371
6873
959
4114
5441
7878
598
8303
2074
7520
8302
2406
2644
8160
6376
4784
9748
2267
5262
4279
8255
7028
8459
9938
5454
1044
3270
873
5971
3156
2665
8758
8157
5701
7351
5174
7910
250
4354
1312
1915
1092
7491
3345
5621
7708
6837
1353
9990
229
4708
5248
3764
642
849
2371
1996
3574
2324
5299
27
9590
7548
6621
8384
4094
693
6549
2501
1667
5121
8783
2337
7913
6965
5285
493
8388
9626
3021
5891
8099
2767
7468
5669
4798
2852
7801
4303
2381
2411
5111
9779
4809
8763
5825
5321
6238
1123
7133
1822
3934
2503
8745
6865
7900
5525
4861
8407
6455
851
7053
5383
8579
2601
4260
7426
7536
1914
3160
1860
5051
1416
1425
9541
2216
1078
8061
9961
8681
6839
7594
3018
4427
5773
1998
7169
7136
8484
3554
6646
1568
1355
3470
3961
9977
8967
495
4446
3269
3945
674
5056
5278
4637
6682
6551
6642
654
5555
1211
4602
578
4254
5239
8712
7384
5366
5075
2864
8526
2527
1999
77
4958
2599
6742
3947
6343
8920
4999
6755
2125
7767
131
2392
7265
1165
9526
5573
5157
11
1593
7922
740
8315
3142
5134
7825
1196
6481
1499
7029
8629
5785
6883
4402
9
6375
6475
860
3209
4691
2464
6751
536
4825
1722
989
4627
7107
4008
9921
2343
1655
2980
6112
900
4855
2266
3769
8978
6516
1575
2454
3600
5920
7975
1032
594
7710
8009
4714
5770
3070
8604
9685
5542
2740
1111
1309
8370
8895
9927
6587
1126
3296
9643
8798
5435
9595
7930
9830
1637
4422
8922
768
6233
2906
5323
802
2882
1096
9936
3495
6521
9222
2639
7400
5411
71
5547
336
8633
8456
9760
2192
9609
7879
4833
5975
6396
4155
3350
4183
8784
2981
6975
2160
6640
2890
282
9210
6349
7010
2861
6799
878
9954
3367
968
6565
9345
8151
2481
7901
3871
4750
8557
8742
4454
6994
7399
7958
9457
8722
6428
3499
3262
7386
3439
152
6185
5768
9064
2299
5863
3261
4702
5659
6540
5829
6816
9286
3456
2113
4492
8720
4186
3259
2546
4768
3339
5923
1008
9027
1668
9623
7268
6163
1279
3751
4806
2776
8641
4011
6032
231
3631
9367
2605
6301
5713
3915
2426
9625
6875
9077
5468
3066
8014
3052
9130
1156
4293
7274
9585
4974
2970
7543
5137
787
7039
4201
4122
335
7546
8292
6286
4221
2153
3558
4508
8140
8477
8654
9916
6978
3354
3880
7695
5913
9565
35
2494
5842
4224
9778
3984
5021
8073
9708
4771
2635
7834
7764
3884
2963
5140
4265
9772
5200
1422
978
8571
1516
1930
4107
424
3452
1857
7213
3337
4167
7817
7445
488
7595
7540
6507
9654
4059
5410
5062
2041
6247
6893
6132
7180
534
1305
4256
3151
1604
9509
9840
7845
3474
3077
4375
4471
5059
9279
3286
3791
3976
4516
1273
3308
5385
589
3132
6100
3264
3955
5933
2787
199
8143
7851
9862
1674
8795
2094
5926
9211
1753
3796
1075
4562
4881
7419
6039
5000
6432
8375
8533
1793
6165
7923
4938
1413
5609
9182
5660
4339
4200
4227
646
6604
4961
8572
5551
4152
4208
4981
6369
9845
2006
9729
1616
2409
3106
9487
9478
228
9594
8331
5710
6398
1240
2753
2448
9761
7224
4077
8888
2734
2472
3663
4933
1774
1453
6547
2258
1021
3255
9930
6420
235
2966
8813
3170
1170
5857
262
8893
2250
5598
361
3847
981
1884
8080
1469
8273
6371
4640
4452
712
6164
4436
6892
9293
2956
4163
8205
748
7760
3276
9290
3033
2277
7138
4062
2367
1659
8507
6812
8996
8805
9785
2023
3027
703
9062
8834
5039
7175
3763
4188
8727
1910
6533
4105
1958
6568
1677
1732
411
4171
1242
4742
2936
5761
7990
472
7971
3412
3597
4347
9318
517
7810
7896
7156
8444
5584
4108
7249
2066
5480
5517
2757
3437
6415
4118
5579
8631
8031
4532
2089
7530
7731
284
8030
8588
8941
9400
4199
1634
3404
1556
8298
463
1706
6855
9934
8347
2255
8968
2976
9189
6283
8244
2157
7683
5207
4773
7481
4460
9956
8329
6186
9924
780
6043
1829
7031
4816
2945
2626
6242
3370
9104
6949
237
5683
9250
7087
2693
3832
4820
1836
3816
3728
5010
6079
4994
7679
2874
7469
2357
1418
1955
8952
5796
4558
4579
3030
7142
8779
7701
9784
5030
1506
4168
9693
3876
7936
3020
8543
2401
3673
3578
8550
6999
9416
755
1909
4898
5388
1260
7693
6023
832
5890
12
1975
8569
8111
3516
491
5100
3088
3616
2958
3074
4124
195
3936
1193
6976
6814
3596
6959
1893
2975
9091
8274
7863
3740
5686
6452
3399
2410
8724
8221
6279
5824
3271
828
3013
8824
2218
7100
7456
4782
2497
347
1867
6267
2108
9358
8741
7338
5787
8082
4729
2666
1375
8517
9544
7674
9974
5443
9088
9755
5641
5493
3520
5977
4869
3877
4526
279
9858
5223
3002
5965
1317
752
2439
238
3906
8318
7535
8560
7492
3149
939
531
8250
7934
5816
4986
8394
473
745
2930
6726
8224
7436
1811
8678
7312
9220
7978
5167
4211
7270
6390
7302
9914
1000
5888
1851
8317
6914
658
4196
1205
1974
7250
9842
4027
7151
8182
5502
111
9119
8799
3665
6683
910
4165
4992
345
4174
1208
9320
6529
7009
9063
6035
1883
9098
4484
4181
9313
149
3723
75
4278
7522
317
9710
9025
3006
3957
6454
5722
7111
3323
52
5083
7707
5681
3557
1713
4395
9371
1
8600
2443
5465
7894
2607
6173
1850
191
6630
3034
6982
4305
6526
363
2889
6575
3709
9527
9905
5257
3529
1284
5818
1673
6411
9264
7124
3970
5924
9435
5386
7876
4245
9529
1728
1218
5918
5342
9899
1992
6842
7988
4172
135
2400
9809
426
4249
3569
1782
8249
1676
8277
6546
6617
3168
8133
6009
427
8976
3473
8012
6897
1736
6462
2015
1603
4565
1948
9260
4479
9460
4867
4133
9232
5028
304
4911
1127
2748
5673
2229
5892
7095
8692
1528
7259
911
1350
8971
3415
7842
2898
3340
6082
2417
2887
1006
6714
4327
8927
3537
9711
624
9612
219
9864
7075
9123
9735
3593
8861
2888
9295
2428
626
3721
4423
1163
9035
104
3581
2438
3363
2312
3251
4253
5408
6702
4330
8333
471
2260
5277
9038
6878
1212
9756
3849
4652
1912
182
7510
5195
9424
5690
6589
685
549
3331
9052
2055
7454
281
1775
850
1973
8363
7276
7857
1750
1015
2932
2264
8004
3166
8676
5970
8673
253
2249
5627
8871
3007
7182
3361
5254
8609
3000
2072
3772
2842
9498
5253
640
9399
1970
8045
6752
995
205
6266
3715
3628
2331
4962
3524
5191
5343
2138
8598
3155
6156
3896
8984
3032
5102
1530
8570
9781
8161
9335
2876
4572
1091
6652
3834
7883
8066
3990
6745
5903
7223
4264
6747
7931
810
1537
9913
1735
4085
1378
173
6191
5384
5728
2596
9615
5171
1295
9203
720
1675
1587
962
678
43
7824
8494
2432
6889
4099
1809
2518
5079
9398
5759
9105
3478
3708
7986
9273
2338
2961
2697
7128
7269
6706
489
9129
4955
1889
6561
65
2579
8924
159
8682
2738
5184
3675
4591
5005
7660
6443
7603
7017
3303
13
7802
4757
1379
1815
3239
383
3532
7358
8536
7628
5506
4594
3039
1033
4786
8282
2590
4919
4475
2022
9021
74
2051
5520
4783
5535
5676
3318
9352
2657
9196
8655
4711
6038
7393
4352
5809
5072
6418
4430
773
3241
8918
6791
3811
7921
8297
7043
3293
1742
6222
9275
8772
7233
8881
8359
6790
1231
5590
3129
4304
5456
1805
5989
9368
565
3645
3224
8999
8656
4320
9283
7418
6895
7717
1113
9431
4614
7217
3010
7994
1159
1612
1385
9543
1234
3179
232
3062
7884
9744
1649
9681
5605
6779
3493
7402
8017
1540
1745
9728
3620
4243
4620
5050
9180
8851
140
7162
5847
8422
7730
9281
5003
8326
3746
5720
8272
5173
2786
2609
1467
3403
6327
3942
719
1500
8916
8942
9598
1442
9798
5819
5291
7204
2498
3698
5914
8162
6018
3926
8156
6537
8197
2296
6821
7818
3253
2761
1249
8446
9758
2083
9616
5921
2458
1808
5436
7653
5477
3133
7363
5755
4888
5063
6111
158
3250
398
4617
3960
913
1206
8734
5447
1797
892
9484
1885
6980
2067
5458
5445
623
4545
5283
8882
1060
3036
4553
4741
4826
6423
1372
6693
2483
6750
5311
6377
5149
4177
9657
5229
1089
7141
3498
6198
3793
4738
8870
1749
1758
1807
1828
6719
5440
2102
5159
8599
4749
7336
38
186
7555
3005
3028
7383
5142
8453
8582
4290
3506
9931
9668
8397
6180
7119
5060
2292
4082
5919
7054
6195
8749
7168
5154
7711
7280
28
8485
9819
2797
1323
5803
544
4689
675
288
4129
3444
2894
2201
1645
7554
8531
8321
6773
9703
9695
5936
5350
9682
3626
2896
9466
2142
4326
8309
4257
7372
84
5153
5020
9258
591
2057
3676
6102
5805
2849
1180
1887
7509
4740
4557
3144
8293
5298
9765
7739
4408
7735
3398
2453
4965
2948
8751
1412
1446
5001
7601
6985
4378
1389
706
2662
2791
5614
5460
7443
6007
3394
3563
8847
3333
7427
9887
2901
1136
8199
1465
935
7096
8476
6524
8563
5779
2227
7293
9964
1794
9720
8307
3086
5033
9831
6092
2390
6754
4110
5639
2751
5255
8064
6801
3365
3655
1504
5645
4847
8803
4
4561
369
9127
478
8225
8505
9806
3875
8615
3766
8129
6784
7686
9405
7040
7036
2167
2092
1115
9321
4353
9302
6297
5309
3801
457
4372
5434
9775
4459
2515
8460
4610
4126
4169
1299
4400
8814
8729
2632
8054
1339
8793
7970
4444
1028
3854
487
7167
2578
5402
4668
9161
3863
7027
9493
4694
7385
5594
4271
2332
7007
7193
1371
7020
7645
4903
5856
4845
3905
9034
3941
7687
1977
9808
7670
4945
7376
4020
4923
8341
5061
1802
4343
3695
3899
8887
6386
5074
8811
3164
9228
8819
3457
1093
909
3038
7873
107
1826
1521
1908
5123
6094
4001
9852
7506
5314
4914
9308
7511
5484
1764
2867
7525
4661
2063
6261
5367
6162
7809
8402
6404
5724
8961
455
5106
3092
2065
3778
1816
3501
141
6434
6518
401
1956
847
3107
7273
8325
6410
3460
5813
1338
234
772
8310
8845
9949
6580
3181
6051
4247
9714
4250
9782
6928
7176
8853
2780
9671
423
1995
7097
8248
1491
541
9884
5335
5909
1407
1086
4274
2869
7021
604
3576
9492
6367
4480
7747
9520
4204
4907
8447
2658
4296
9112
9717
2781
3674
7539
4656
17
6325
8136
8955
2162
9185
1509
7127
5501
8581
7699
1103
3656
6289
53
3998
8122
2444
3278
7916
1327
496
7604
5284
9272
1578
4827
710
310
3637
2284
8778
5852
8050
2770
7275
5264
4066
114
1332
9255
2897
2174
2977
7796
5304
4461
5532
5980
1256
8974
1950
7928
730
8423
6542
5511
9090
9624
7889
5473
2128
7524
7961
8596
3856
5736
4590
9184
8977
3127
5404
8497
5095
2208
5846
1265
8616
8354
3888
9243
1666
3069
3245
2005
6034
1837
1034
3873
2475
9434
3575
9474
7266
3802
7891
7086
2300
5850
4388
241
3762
6911
3215
1046
4868
7779
7362
3999
3059
6588
6361
8319
435
2467
7774
258
1023
1315
350
2042
1017
6828
5994
6178
5591
9030
4232
7083
4633
4535
3829
876
2207
2170
2268
3191
5016
7517
6796
8781
2925
1304
4222
1589
9945
4223
6740
2038
5099
9952
9783
4631
3830
8648
1357
2618
2413
402
9341
6720
3436
1233
2723
4939
3736
1921
2084
1699
3042
2183
9140
4248
7572
7395
5557
7004
4653
4598
7499
4487
7116
190
2656
8610
5973
9617
2949
3697
8148
805
1961
4270
3310
629
2356
7433
1824
2154
7392
6251
6611
2806
7669
7648
3471
4937
2009
9593
1018
5900
4949
2762
1628
2436
4148
7637
8710
7122
9166
7295
8387
2290
4310
8624
1052
2383
1039
2496
3904
8872
6275
7463
7902
5595
2974
6531
462
8165
8290
1454
3561
2399
5218
5841
5340
7614
6019
265
4404
96
8929
9078
9251
5094
5860
2648
3257
1746
6317
7339
1641
938
8969
1029
8215
1776
647
6141
4100
5567
8896
5449
6974
2456
4596
8645
5788
6355
992
5668
8539
7847
4240
806
5617
7656
6515
3084
9029
5065
8420
8410
871
5893
2349
458
9610
9219
1460
9908
8791
2163
7137
9499
8103
8864
6424
3001
2488
4022
4502
9008
9902
8958
5762
8674
8488
3111
9536
8095
1861
8480
8015
286
8943
5726
8008
2211
574
6885
2193
5482
7752
5279
9010
4976
4413
6543
8544
7448
6955
6049
132
5352
9996
6963
3260
7558
8938
6400
1489
4048
2161
204
3143
2039
908
4915
6282
4097
169
9392
3667
7624
375
4121
7177
7214
3167
9217
8175
5177
2716
8662
6737
7569
2169
7552
747
105
1812
4050
8728
2921
6020
3080
7553
1082
9580
8107
5128
1517
9859
6013
7344
6054
1557
2959
1443
2520
3235
3652
6060
198
3719
7541
6508
6217
8679
9331
1384
6753
7608
5732
7853
8820
9224
9394
7869
1291
5604
4113
1109
3725
566
3146
7046
1923
7149
9003
9500
4736
7423
4664
5828
6649
6654
4420
5122
4959
9326
4150
4929
456
9861
8585
3112
7113
7307
3148
846
8693
3294
6805
8261
9600
2000
4759
5432
8760
3923
1903
6461
1243
3952
2891
5698
482
9896
9433
4083
1598
5389
9364
5344
3644
7002
6787
2903
7241
8415
2021
6287
4173
1718
2736
9826
8372
3820
1989
174
9013
3540
60
8842
3116
4441
6938
2223
22
5214
3150
7099
6383
698
5993
5802
1497
6298
1786
4906
2307
6520
9699
8489
1038
8469
6721
8152
2622
914
2190
790
4552
8562
3776
7742
799
8081
2213
4236
8131
3933
6713
9539
2521
2225
48
6139
5702
5420
1461
4641
632
3173
6544
737
1164
6199
5585
7215
1271
5670
5281
1959
1922
7283
4648
4112
6494
6497
5133
6943
6639
6069
2950
2311
6770
9971
3929
7098
7947
511
4258
1387
6678
4848
3393
5968
4680
8173
2721
8184
2584
9686
6006
2537
1877
7121
9031
3147
6157
6097
6321
4507
8704
225
8092
1074
4707
2146
4364
6183
5734
4523
3890
8782
1107
4438
4325
5287
2419
2228
3528
8364
5707
5695
4815
6806
1759
8503
209
6064
3932
3704
9833
7512
7803
6077
7737
6695
2326
872
6913
7244
1099
3480
5882
5972
4194
8914
8231
9642
1769
3979
2107
8671
2735
3788
2577
9401
2403
6857
8471
5235
766
1275
8620
6916
8366
514
3521
9342
7032
4009
7745
4426
4070
6872
812
6734
5552
5869
2574
9254
1703
715
760
6559
609
845
9081
5341
5533
9926
6658
5630
9651
4314
3567
645
6225
4574
6123
1932
5351
3851
6042
7992
7750
1772
5699
505
211
4657
8450
9928
7630
7398
4560
2848
3098
2550
6775
1906
9907
666
7527
259
8368
4081
7618
442
9262
8846
6328
4518
8946
7301
6262
240
5902
8220
8558
2261
2840
8279
8714
5561
3099
50
218
1246
5188
490
6107
8937
8901
5905
8753
969
9803
9690
5671
3545
2050
7408
9085
7881
9955
7696
5587
960
7256
5315
1691
7206
6672
3587
8408
9000
5930
8988
2938
8639
2533
5992
376
8189
178
7411
643
9709
1741
8504
5845
3969
6616
6458
577
8245
6981
5563
6155
581
7839
7474
1215
3722
6553
1267
5393
2941
6996
5168
5048
4449
2344
4533
8607
3121
6331
2387
7574
5677
3045
9439
7820
4382
5623
7664
9037
9073
80
2035
3662
8736
1596
6620
2675
5150
6647
4397
4217
2631
9917
8323
6305
7893
5455
2489
9607
7531
6121
2611
4528
4023
5347
6567
8110
4892
2726
7261
8963
9147
8098
5475
3126
1152
1325
9677
6522
4363
7792
1917
4753
3500
8056
5764
6014
9993
5942
3617
9508
8744
4844
220
3771
3277
3580
6571
1756
1140
9359
7063
4687
3991
1920
2835
3659
1841
9837
8206
9679
7689
3289
1817
8672
2595
9750
3651
9560
7353
2687
6952
5624
1821
8007
5529
6684
148
601
8530
898
2341
8348
7788
3182
7549
2109
5467
3589
4604
1904
3610
3225
6329
6347
400
6033
1192
9482
5324
3916
4887
735
8467
5260
5581
6319
8305
9079
6767
9393
8584
9200
859
1020
1682
8770
3615
2779
4629
321
1331
973
9054
6352
2514
9848
7571
681
1002
6570
6159
2769
5743
8750
1014
7754
4752
5481
5164
2660
1577
879
9144
2764
3777
3248
7880
8718
4268
2478
9633
1533
8826
7483
6656
2101
9343
6577
6088
3789
5176
9988
5448
9311
6951
9860
277
1839
8638
807
6727
2127
3754
4434
6835
8982
9245
9876
8802
5297
7239
8036
1174
6939
1561
2270
1344
4416
102
1510
9525
8254
6627
2783
4486
3861
8280
2919
2962
3438
7429
7634
6469
6381
8179
3908
5400
8647
1890
2714
2185
5794
5116
9066
2582
1209
1949
9053
4922
6074
8357
3237
9870
3814
7404
2011
4837
2203
2355
6399
1462
6953
4774
8159
782
1907
2705
1871
1428
6285
1318
9121
1377
9630
6717
7356
7523
2362
718
8086
1263
3190
3483
3016
6114
461
7196
8636
1066
9372
8308
9287
4319
2114
6918
3454
3015
8222
1119
697
4393
8975
932
55
2703
8167
7438
4053
5301
8097
2699
2621
6595
6444
5419
9613
5917
1539
393
4409
2115
4255
8102
6902
7948
1354
9670
3988
7950
2845
7094
2679
2449
7720
8689
6050
2100
1175
2243
2263
6956
684
7591
2093
3965
5261
8069
2539
2168
1859
2784
4216
5814
2744
6486
7378
8055
7442
6886
5987
7644
7732
4600
993
7382
1590
4566
3342
9124
6450
7187
9532
700
9632
8652
9652
2563
8634
6765
2663
414
8998
6666
1481
9712
6866
6854
7858
179
8765
573
8954
6309
7409
9012
25
5438
6870
6513
8606
5562
3198
2459
4463
6372
9844
1546
3858
4913
329
2798
5087
2871
1582
7197
299
6696
956
8625
9363
3641
7084
306
2075
9289
2822
5516
6128
1526
7103
5682
1620
9135
2274
6480
9777
6366
764
8840
6430
9469
5320
2951
9915
7247
1605
4793
2480
6687
5412
5719
3668
2165
269
4621
8462
8818
1545
6798
1114
7059
1241
4373
1799
1564
4813
8653
1854
9047
5241
925
4872
5723
5246
1716
7479
9082
6040
8163
8044
3300
124
7681
3203
3940
769
4193
5169
1983
7795
8730
9879
1595
9726
150
2257
9292
8877
8067
683
2034
9328
6359
7827
5827
1833
9471
9874
3827
6174
6512
7578
6793
3797
8223
6116
7832
6044
6661
2303
8953
1935
9799
2912
5955
5611
3639
9075
3381
8703
8211
9407
1142
9312
4219
6584
1221
3783
2342
3710
4041
2707
4709
8780
1898
6906
8201
2603
2653
4882
9640
4367
5372
6192
3968
7725
3131
7903
4451
1480
9022
2412
4135
2883
733
2594
9883
874
4087
1030
5378
6136
9261
9102
997
3368
525
227
8800
7437
6861
1695
9304
5642
1358
9880
8112
4559
5288
9958
3862
5523
6983
3786
5956
7366
5954
1864
2722
890
9752
6353
2604
7001
6937
7140
5300
5840
7164
3265
6506
143
7132
1186
4028
59
1899
819
793
1658
5602
4147
6001
359
6344
830
6427
334
2674
7981
5070
360
9163
2994
5881
3254
1334
3971
1466
68
2429
8980
4662
1795
7557
776
201
634
6062
5390
1448
3761
311
6992
5004
8440
4811
854
4724
4935
1085
6090
3035
3907
4917
5273
4972
6313
5364
8443
480
486
7406
3839
3813
1108
637
4424
7772
32
8767
2090
5268
4106
4445
3765
4060
4117
2655
864
7815
5939
2010
3390
6362
7305
5519
2244
9347
5252
7459
7807
975
8285
1347
1840
2614
2773
2730
6804
5934
6109
1511
3951
8213
3189
3298
3135
7139
1117
4428
9749
1550
7875
8176
7229
861
1382
185
1054
1536
940
3211
7171
4007
9370
9103
8403
8867
1477
734
8146
8217
5452
1554
9252
2862
6181
8101
5672
3447
5714
5161
669
9868
6483
8827
2884
7407
5119
1391
3031
1979
3024
3222
3509
3747
4780
1660
9458
3200
213
630
7615
6193
9847
8500
2217
5038
9259
2027
7966
7092
263
1897
2516
677
8258
4589
4747
1238
5636
3091
8464
1282
2253
3161
1524
4601
2431
614
4355
5988
6446
8439
9730
1496
4755
7319
3741
6716
354
6984
9208
6688
9922
1004
9740
4031
1145
6
3573
1560
915
9569
8699
5874
4016
9637
8869
3870
4316
4525
2370
9939
6596
8492
9962
1657
4998
5041
8785
6525
1688
5800
8266
6541
2470
9131
4576
2838
9468
103
6363
844
8621
9757
8498
2709
9340
333
7518
4415
1455
4161
3378
9973
6259
7441
691
1488
8436
3163
8717
1401
3171
2645
3825
1982
6843
7872
5733
3844
3609
765
4185
9991
7093
3185
990
1229
348
2461
4980
7829
5807
2468
4758
1061
1251
8707
4061
4838
3223
1232
6743
8240
67
9894
1862
4795
5092
4078
4159
1053
196
6929
9114
3410
5211
4090
2054
2151
1160
7587
7888
5534
8413
3082
1801
8487
3886
384
8667
5521
592
7410
8756
1670
3577
4292
477
3496
6071
5118
4716
2880
5885
7104
4722
8761
367
1254
659
3093
8123
1937
5474
4719
4788
9425
6732
7848
9145
9380
3859
3819
5011
2325
9963
2694
9966
7503
1088
4720
1352
1847
134
154
6904
3287
7766
1721
9178
3414
2652
5463
6622
1748
5601
8993
2711
7457
8556
8549
3413
9479
7158
5329
1095
4655
9661
1820
8306
4969
3451
831
8068
8025
5685
4284
4762
3630
8075
6194
9705
2442
1404
6464
4622
9754
6915
8001
7212
7588
1648
6129
6324
7765
7651
2144
1599
2156
7011
2999
2407
2220
5155
4821
1770
2795
1476
216
3818
8472
5104
7976
2143
9214
9700
8587
5345
918
1866
4789
4876
7475
5979
1482
9194
1768
619
8404
5317
407
8033
5165
6243
7762
4924
3138
2441
6057
870
187
542
1172
8659
1576
2988
6894
6655
6002
4406
3759
5057
2388
147
1747
4624
5270
6643
4115
5844
2911
1301
7115
5615
3878
3397
6334
9459
8177
4473
6288
7379
8837
5259
5826
942
4886
7860
4877
9604
7192
9944
494
4328
5688
1264
2591
5613
7909
5292
3605
1122
222
3602
2793
1112
5331
2028
7564
6923
5560
6962
6017
6374
6576
6167
2686
2669
4192
3972
9745
1361
3344
9142
443
8381
6437
5024
5607
4701
3319
9827
9234
9236
9622
6744
7359
4660
9621
6387
6425
4975
6373
7898
590
1400
8934
1116
9046
3450
6566
9510
8981
7943
5198
7856
3688
6995
6429
5110
1383
635
1584
1690
6841
64
2908
8640
4776
4386
8020
3931
155
4573
3165
7415
5739
7077
4342
4024
8523
8651
7264
2636
4156
4902
1579
3279
5371
8367
519
9007
1471
887
5737
5635
1204
4685
2858
2245
4770
8259
886
2316
4578
5531
1796
8268
7467
2914
2398
3531
8264
4214
7636
9579
3730
6599
7005
9164
261
3549
9802
657
192
492
9190
305
9959
7813
5774
3420
2834
8892
2130
9675
6708
344
5509
2132
6031
1058
4956
3810
3943
415
8039
4693
5906
8432
98
622
320
1697
390
3119
8771
9704
5718
6323
3874
8265
4476
4377
3614
841
9099
5202
7143
8071
8247
3853
3208
9274
7008
3696
2384
6590
6970
4429
6339
76
3925
1636
5985
212
5771
9080
4267
6110
8454
5077
6534
2602
465
5649
3103
8188
5679
466
8190
4636
4645
767
4763
5338
8118
6641
2678
1927
1647
4493
3095
4483
7538
6179
8516
9825
1680
5151
9925
3962
9128
2922
2379
3782
4500
5912
3606
6783
6145
9125
7808
8658
9072
7551
9202
7798
3703
4800
6206
6395
4390
365
8746
9983
4954
6239
2365
6853
3508
8683
7812
9639
428
7452
2749
5836
5637
8935
3562
4080
3693
3685
2928
6365
117
4681
689
95
122
2989
4285
8275
8776
795
8527
3382
5282
7306
4096
8238
2492
8825
9753
498
5750
522
9365
617
1624
852
8301
8986
1987
6485
8732
4399
5382
5960
9792
3611
9101
6135
6653
3356
1986
156
945
6523
7284
2350
9653
5225
5571
7
1548
8053
8972
7184
4241
2837
4383
1290
9692
9788
9336
6778
431
4006
8580
5706
716
6488
1900
9429
3124
8815
5424
4002
930
3692
2369
164
5326
3556
5417
2741
1105
6274
2364
8074
4103
1707
6920
2589
6368
5556
1189
1964
4767
5962
4990
5172
5680
982
539
9836
8775
5792
3306
5541
1071
9322
6660
2273
8874
5462
9193
2265
8917
8463
7466
8137
9583
3900
3767
2423
8079
5716
1684
3935
6302
9256
8294
9209
1370
2232
4987
5427
3683
1313
3944
7775
7150
8320
6967
3466
1226
5526
2351
9766
9074
5446
9515
7231
4731
6874
758
4509
9055
5981
6108
6736
7993
3123
2416
4215
3891
9919
3017
1513
8731
5878
6723
1001
3174
7471
722
5911
6961
7365
6968
6453
5415
3817
2001
7024
4205
6579
1475
1679
1760
7334
7000
6308
7833
8622
781
6119
5397
5035
9832
2079
4647
2415
8951
5037
2592
9589
714
6405
4358
9229
7428
6685
4411
7537
1882
547
9382
6562
338
5991
1281
1621
6530
8070
3429
6669
8362
2377
6081
5271
6623
1278
933
8183
4754
2293
4392
167
7585
94
8804
5476
2638
5748
8553
2008
639
9660
8591
9238
1345
501
2634
9051
4989
1531
5782
4932
3357
7821
6457
6591
3497
4384
4191
5871
2421
8626
6555
9636
7616
3455
5135
6115
9388
6990
1227
7291
3312
120
446
1563
8506
5226
153
4049
6270
6340
3205
4931
6633
6161
6899
9890
9446
2525
2715
9235
1139
127
5046
254
6041
2194
4824
4858
7685
3534
1185
6598
8196
8138
1712
7340
5899
4160
5486
5756
5233
8438
6931
7403
8032
9018
731
3078
7561
5831
5545
9978
3585
9656
4350
6093
2752
2668
5810
1773
3995
9497
1087
9153
6134
9441
9566
1638
388
1365
4696
3188
9817
5425
4209
6213
2103
5166
9133
207
5444
4781
3745
5369
4667
9878
7271
9187
3376
567
4718
467
7461
5767
5870
1953
5403
9649
2097
9197
168
6269
7583
6048
203
1549
1151
3213
2995
7864
3492
1495
4644
5210
9173
1359
4538
6187
2032
2241
5822
4033
8602
2985
4213
2334
4900
2598
5215
5597
6862
7573
3705
70
1423
7964
8295
510
3432
5222
6036
8430
6421
214
4145
5066
1868
6215
597
7723
7868
239
1981
613
4539
931
4947
2487
8499
9357
2004
3096
2133
4894
2262
9603
5566
6345
1137
9149
9241
3486
4953
3246
8670
3301
3364
4324
917
4089
1585
3362
8597
9941
1661
1473
499
5019
6797
1929
2836
1855
1493
5790
6089
5361
9171
6499
1035
3359
9432
6053
425
6898
741
1498
7771
8532
4368
6776
6265
2997
8246
4228
2236
2955
2404
312
4802
2269
1102
1565
4322
3475
1366
5141
5336
5234
8391
460
1167
2870
3
8035
1813
5293
1247
6076
1314
895
6822
3226
9893
4329
3041
4300
6538
7915
4570
91
8857
4263
3210
2096
346
5012
7516
8885
8233
1725
7227
5330
4606
1902
9315
1042
1191
8145
7131
8022
9154
4942
7079
5628
585
2568
2571
9087
3894
8214
9818
1253
3392
3097
4514
7050
8754
8792
377
6276
1570
6312
6932
4139
3075
2418
6638
1010
2982
1814
4472
1450
2477
193
7374
2447
2020
6146
7188
5085
8062
409
1523
6504
9857
9997
208
5510
3885
6725
9683
5663
2877
323
559
3383
236
5931
3594
2091
8219
919
5391
7973
7658
2363
7333
8204
1788
1397
8534
9494
7852
4785
2854
9581
2385
332
8577
2111
6505
9960
5570
800
7925
6338
9511
6673
4281
5080
5839
9307
9383
9491
4745
1767
8910
751
6628
5946
3273
3866
775
8327
144
9314
6237
615
7025
3272
1276
5244
5823
6602
8997
7626
8016
4925
1947
1190
275
1216
2140
9895
5872
6651
3090
937
3140
3320
7859
2588
4412
2298
8838
839
8743
2043
9506
3523
7694
8828
5332
6860
8270
3913
3463
7581
1121
2320
7609
7646
4272
9067
3895
3476
8257
7472
9968
403
2689
1447
4448
1181
2630
5302
2531
5376
7201
5387
2972
584
6216
2567
8374
7460
2642
1321
5280
1615
9873
9110
1781
8701
8839
8154
3760
1555
916
3104
3694
7862
6677
4777
2031
4832
4261
1787
3749
2788
4018
4365
7262
8738
2801
4457
5578
1037
3430
9344
2808
9567
4587
6087
8405
9426
9056
7207
4804
5667
4857
2135
1633
9804
6348
6712
5132
8475
2224
5575
1940
2126
5125
2624
9379
9706
2865
3812
2315
4950
3842
8525
9033
1255
9635
4123
3946
2800
9179
4036
661
3352
8465
7170
14
500
303
2575
9282
8632
418
6059
825
7222
6763
386
788
9805
4306
7786
4615
1094
6482
408
6614
6003
9477
5429
503
3898
5418
5208
4725
4233
8568
4220
9002
1146
1552
8342
9227
5243
4057
7580
3646
8956
7562
7917
6068
5220
2785
3682
4799
8043
3488
6402
746
3105
6676
6807
5907
5940
6859
2460
8932
8398
7355
7091
1394
8344
2246
3049
867
316
2463
1846
7688
3924
7019
3389
1124
6408
1800
8611
1672
7892
8127
9381
723
3632
8296
1194
1611
6346
7515
8944
4225
2171
2718
901
820
9564
5414
7666
6772
3202
4891
8149
664
2553
30
4079
6203
8191
996
1806
8940
6056
2844
9644
7819
507
2926
89
1669
4623
7486
4828
1342
3787
9764
1484
6846
9305
5108
8520
8844
3926733744.0148163
