9959
4641
5038
6801
6722
4002
3065
4611
2030
1646
1170
5548
4667
8814
7383
5402
2273
3967
8256
6585
3397
7245
3534
1014
2859
208
9953
6020
4365
6474
8114
5393
4922
5288
6068
3911
6576
317
9721
899
4985
2285
7529
8712
1497
867
3194
9452
5484
6763
7401
9296
423
9211
63
863
3449
3566
7109
963
1955
4710
4758
9410
2209
4436
2358
3092
6419
5909
3638
7052
7716
692
9913
397
5739
2737
9731
6305
7555
3748
8169
4170
6657
9313
9463
1555
4860
8567
7345
361
200
6684
7002
4676
7739
1341
182
6528
8266
9075
4709
9227
1908
6548
1374
426
1085
3137
6770
259
6935
7306
6665
5549
2692
9968
2163
5514
4059
2679
7677
727
8382
8999
3602
151
5978
2405
3799
879
1836
1869
9984
6183
5617
4420
9990
1130
7407
9440
5605
9658
9245
7159
9236
5496
9114
5577
1466
4399
5399
7411
3360
1918
6987
73
1226
3762
5223
7645
4065
2730
4759
5206
3341
9897
5892
8977
803
8779
3049
7761
8021
2842
5614
990
6247
584
8200
2789
7637
8737
9040
7983
6226
9719
9037
2618
213
9568
1177
2252
3698
3477
7154
3361
8963
3980
3229
6727
7672
3660
6215
9801
9279
6135
8950
8686
802
3550
5255
3882
1093
2068
8877
641
1264
6841
4683
9382
3119
6154
8467
4362
1164
4958
3983
2988
3591
9272
4188
5442
2232
9828
2456
8302
3865
3850
5476
4818
6492
3319
3964
4893
4396
3250
9
8648
3643
326
7158
5547
7263
7561
6718
2361
2112
2886
7134
3849
2834
2787
8424
302
5804
8967
9928
1997
3334
9509
1854
4169
3694
9745
3988
3623
7682
3800
746
2888
8165
2653
1283
5882
5798
1692
4412
6461
2248
7967
1101
66
8872
7669
1819
3843
7882
5776
238
4971
1898
4108
4268
303
8297
1673
6646
5366
32
8364
7241
5690
9667
7127
2721
7065
6335
9145
234
2086
352
9524
3785
5345
8138
4411
3610
8840
589
6683
3609
7894
9265
9531
3070
1894
89
7035
7279
8946
6074
6578
2944
5868
2298
6483
7066
9661
4748
4708
2271
6681
3652
6009
8434
9800
2384
6736
4825
6581
5660
832
7929
9186
3746
8565
8134
9749
5047
672
955
889
4988
2957
2021
8456
1414
8284
7745
3900
2299
766
5348
1826
193
5178
7288
8446
1444
3358
9404
6159
310
6333
4213
9981
3419
3760
3666
1879
9615
6906
9243
5601
6624
5390
1234
3917
9332
2113
3570
1568
5932
8483
6146
8890
4888
7660
2433
9163
7688
6082
4664
798
3266
9708
7981
1217
3959
4669
3309
6393
4428
5477
7525
4917
6279
2506
2058
9999
4812
2753
5800
6647
2085
6072
446
2392
6239
6477
5083
393
3525
6999
9939
15
2284
1684
51
5452
9061
4363
1530
7517
2338
2698
7728
562
5030
4670
4097
5694
7802
2110
4910
6765
1417
5285
4722
3625
2439
2412
931
2510
7718
9735
3759
7207
8595
9301
9824
1785
4017
3833
6223
6090
9214
2616
7724
6025
6453
1973
6503
8184
3912
162
7954
8037
8450
6502
2090
8048
7557
8254
3421
6044
898
8346
9579
2635
8529
7630
8136
9133
7024
6970
1480
7853
5104
3723
601
8641
9049
7888
497
1362
8633
760
4475
5959
7579
8496
2863
3132
5753
7601
3972
5594
4998
5609
765
2177
8919
9092
2029
7837
7977
862
3530
2806
3288
2892
7729
5374
6879
4665
9885
3345
3471
1754
4785
5250
8680
3820
5295
7709
9470
3104
6557
9154
3339
4453
9435
3259
8557
5620
1485
809
9713
242
1111
4605
1147
3825
1512
3318
5186
960
387
9011
8335
5262
3867
1161
8485
7537
2157
9146
3351
5627
67
6200
4935
6829
915
3412
833
4200
7394
4892
7403
9179
9654
872
9091
2933
7583
179
1608
1073
7947
4828
8991
2324
9072
1244
4474
1458
5037
9768
3558
8490
6371
5193
825
2374
4715
9158
2817
74
2504
2603
5508
4687
5087
7588
8819
4082
850
2757
4489
7551
3608
4868
247
7113
5722
503
1003
2180
517
1211
9807
5648
6105
5596
4823
5498
4550
7442
7721
3829
2161
7224
2103
6978
227
6430
3726
4147
205
5849
677
6235
2786
5
4216
6702
5906
479
2856
4602
8332
6955
7581
8162
7617
9534
3277
4374
3883
6809
9683
968
9383
2249
9867
6936
8002
2899
9200
3941
6326
1773
3956
6486
2193
1806
2126
7826
2846
8782
8349
8391
2974
3474
1544
6723
8891
2937
5401
3923
7702
1492
2905
351
3338
376
9073
9112
1035
6227
7341
9036
3426
4900
9926
9520
6233
5106
7569
3016
293
8943
565
8171
2219
2050
9034
5008
4131
7775
4342
3937
7971
9443
8282
8979
9813
3703
7638
2166
7183
7266
4769
2622
7436
6245
6469
8352
687
7565
3999
9742
9246
660
6609
1717
846
146
2004
878
1560
5445
9631
4302
4672
807
6295
3367
5044
2568
4530
2186
4830
1108
9671
4519
3131
275
1388
3543
9042
9203
9378
6616
5334
1470
4279
6913
1442
521
2830
7632
2691
5121
1841
4236
8695
5590
7629
5060
9718
6311
5991
9005
6208
8904
6787
9621
1351
9753
2833
1303
9840
506
7254
9659
6538
7101
7782
8193
3328
2874
1575
7849
2705
4219
9724
2652
9837
630
4151
2965
3725
4231
2365
1820
7089
103
3187
1885
865
4078
9047
4150
552
8990
5557
439
6790
4524
2607
5780
9816
1705
7863
725
902
6490
7679
389
7655
2053
7984
9693
2953
5294
2230
1266
5492
3708
8232
6102
4218
1936
337
661
8247
6236
9212
5420
9963
8739
9172
5249
5748
9976
8414
5536
3927
6776
6282
8985
5318
548
7730
9442
5945
7722
6375
4872
2605
4311
3955
9406
160
1152
8462
5857
7225
9585
1716
6907
2866
2752
6810
2429
2760
284
4371
7468
3669
1886
4787
2487
9512
9322
6610
3567
7051
5361
8852
2816
2345
3733
5247
4772
3101
7078
8504
3568
456
4921
1094
3870
433
7713
6300
2427
9743
907
1991
9536
7434
4745
6771
4129
9502
957
5315
3054
5070
8104
2076
4478
2686
8001
7841
6729
1912
5934
1110
3455
8441
8636
2675
8374
4139
1349
2311
7990
3645
7149
3310
8790
1922
7236
8925
3770
3906
4720
3000
8403
4718
4459
58
1967
2939
8339
6640
8172
8324
354
4832
7875
5728
4557
6387
4671
4499
1077
4011
183
427
5574
20
6854
761
9241
97
291
1545
7516
4963
4186
9980
2156
1199
5922
3389
5085
2044
9349
8035
4712
7092
6316
9000
9403
3739
6682
4356
6334
5326
1312
5204
7050
970
7053
6088
1315
7842
2467
553
3620
3142
8935
2167
9798
8586
5110
8044
9933
5833
5585
8436
3383
6367
635
8822
4055
6512
1858
437
7580
9700
6031
1558
6939
9510
7026
5064
8976
6075
2409
145
5354
6468
5736
4817
3290
8070
748
5462
1722
2902
1540
3378
4803
8624
9362
8022
4542
3902
9868
4126
2331
793
5970
2528
3001
3571
8947
2881
9171
4956
6536
9771
269
617
4545
3189
1913
7879
4094
921
1484
6698
5944
5592
7355
5802
6378
8451
6848
4703
3202
8543
7332
2872
1441
6998
6613
3824
448
7386
6840
6748
3009
6243
7180
2570
3037
534
1980
7363
2444
6219
2202
1367
8062
4251
225
7232
770
1847
2279
945
3891
6990
8040
4556
5380
3207
6472
4757
5413
1204
9127
7921
2581
4563
3075
2820
6595
5352
8846
8829
8493
61
2914
2051
2775
5425
9797
654
5408
5642
3329
8214
6426
7756
263
5687
2925
1636
8734
7628
9578
4223
669
4369
5007
1910
1644
8251
1153
2071
5456
6210
6655
5270
4136
788
6285
3813
1066
6463
2644
9305
6372
6808
4199
1969
646
4288
9339
3091
2980
5137
2328
1742
8669
7184
5579
1162
1713
4180
5669
8677
7789
7855
1227
1671
9537
2406
8388
6529
274
7108
230
3478
2638
5941
1239
9646
5180
8418
8717
6165
8133
128
2334
4526
5875
819
4449
8208
1533
8124
3143
8168
3827
2326
7489
9264
4914
8530
9907
1650
5815
9674
8100
9744
2399
1457
7444
5129
4761
4404
4046
9896
5881
5946
7501
6960
1026
9481
5009
7487
265
4211
1289
876
9958
9697
668
3283
4228
4480
7176
4528
6087
3390
6897
5292
6688
5942
5861
9948
3786
3539
1583
3730
4894
2544
2027
5655
8547
7311
7885
3134
4983
5438
9859
2904
7336
909
414
3905
8693
2474
4172
6703
1116
494
5479
1758
1990
6112
381
6071
6139
7966
1901
7884
8612
4750
6948
4062
6780
981
2246
6192
143
5491
4235
961
4208
9085
8103
8296
5405
4206
6921
3918
7322
2038
2593
5143
4350
6191
9884
3734
4685
3686
2516
7978
1640
2564
6281
59
3465
1892
2952
8300
7707
455
1276
6661
5028
5379
3929
430
5358
3858
5820
4461
4359
579
2857
5168
5275
1878
2580
4666
3924
9492
9223
4981
6013
1591
1994
9966
5795
3776
8460
8792
6575
3688
806
8431
1538
9269
5700
3965
5084
8642
8196
9137
8082
8457
5011
7126
7226
1253
9504
4895
8132
7087
7512
3704
1855
3385
7296
3901
1301
1803
2428
3763
2185
6965
1804
7506
9547
6788
5269
4161
2533
9877
1521
8311
3720
4111
5838
5091
5809
925
9709
653
7147
4290
2337
6995
6221
4632
8762
8233
9551
3765
6365
3563
2215
3851
8997
3621
5886
9614
9619
1682
2419
4479
110
4190
3797
3641
8130
7883
2523
1222
1210
1764
1677
1599
2621
2740
645
3072
1914
5230
6224
7200
1729
3665
5616
5132
1837
3145
610
5155
4051
1822
841
7486
3392
1704
3950
9315
7626
3006
6997
2844
9550
6040
2557
341
6580
1958
568
8786
3823
603
1666
7653
3315
3476
8173
5471
6667
4992
5308
7625
8854
5829
1136
7470
7425
5059
1468
5290
3206
5676
463
7372
1715
9533
8817
3003
6799
5926
758
486
6276
1048
4173
7788
1975
7388
1193
5661
2731
4103
3973
5518
777
2484
5671
6700
5621
3257
6899
7792
299
2985
2382
6533
7249
1474
4076
5988
2082
6203
7864
7273
3966
6030
9871
7027
605
3159
1662
9851
6038
8427
8415
8096
7800
9364
4692
6081
4809
4434
3080
911
6047
1482
3156
996
6098
2318
9657
6636
8012
7138
6695
8116
4327
6817
2594
737
1917
4319
9784
5679
8510
6015
8572
7600
477
6546
5535
2706
348
404
2665
9385
664
5578
680
5587
3913
5359
4838
7385
9020
5749
7914
9263
2882
2102
1507
6042
5659
5501
9193
4805
2947
938
7441
6124
7150
6323
682
7671
6953
3225
1866
6950
7937
6220
5228
5745
7861
8054
6573
5062
1618
9475
5159
1998
7544
6045
3535
2488
583
2536
7034
9043
1963
7622
6743
4394
743
7477
9420
8508
2397
5635
1294
3366
75
1788
4293
9060
2460
6976
5657
5346
6379
2237
8800
7754
1121
2233
7897
7886
1842
346
9371
6494
1562
8909
5441
6065
2808
2012
5805
7500
524
9852
4074
2169
392
8908
3313
4677
3650
9152
6740
3061
5738
4102
2465
4507
7952
7514
7781
9908
1554
3312
709
9866
8258
7274
8709
3830
318
3268
3569
7465
1218
6819
958
629
1025
9022
9335
1405
781
2422
8867
4414
3321
5311
9750
8220
4726
7795
1131
3599
1260
9911
6582
4368
573
9673
8365
3051
7749
8600
9450
8807
3653
4202
1585
1082
6909
4155
4891
2972
8325
378
4073
9902
9358
7762
5730
5756
5463
1447
6500
9472
4647
3804
8989
7703
1379
5163
8481
9400
4175
7832
1216
6330
827
8850
406
3848
6123
4003
7836
3125
7397
8705
8994
9636
9376
9603
287
6248
6293
9363
4822
624
9617
286
9932
7238
755
9312
5640
4265
7776
5192
5709
5150
6484
3846
8810
2701
185
9766
8764
5119
3377
1516
4500
1509
9177
8975
412
401
95
9195
4284
8056
5962
2461
9251
7811
8253
6639
5151
6738
6659
6
7125
136
9135
6096
4328
2335
9517
3868
6454
3896
1775
6092
567
3177
2932
6231
1156
9686
4651
4630
6664
8736
9347
1744
1829
7247
7904
6666
2597
638
7422
9388
9021
4814
8939
211
1641
6591
2349
6905
715
4048
3151
6826
5637
7602
6594
7794
2578
2756
8509
7641
5905
1002
4280
3294
9345
9430
859
2508
7416
6534
7202
1737
9763
202
22
6638
6946
6344
1182
729
8166
9316
2961
2917
5835
3627
7748
918
8913
5360
9353
3170
3469
711
1761
9543
6967
8204
8401
9582
4621
1376
8321
6141
4806
9019
3897
9640
4021
1198
1606
9993
7542
515
2942
391
3269
3350
1643
8678
7182
9116
39
4140
844
9024
4790
6201
1069
7558
7283
4443
9136
7456
2336
1416
7963
1506
209
2037
2916
7741
6161
7817
7440
5911
6686
399
4919
3585
6116
3263
377
9887
235
8783
6706
8757
3424
5984
5033
4977
3203
4674
5556
1138
7733
174
1241
6866
5606
3442
394
1074
4731
2491
5572
3444
2723
3752
561
3069
5157
5412
3673
403
6672
1296
3095
651
156
6768
6149
165
1344
6307
9387
139
9870
3767
7130
8278
8149
9714
2869
5874
417
3551
4437
1934
7610
1783
1080
1273
124
3803
358
8224
8299
3088
1305
5081
6374
4183
6985
7452
6807
8727
52
523
1472
8811
5046
2720
1268
194
8540
7352
1286
7573
7264
8350
1619
5066
2561
278
9074
7208
1603
9901
676
9367
1828
4308
7743
2301
79
9278
9707
7455
5865
7334
5131
4287
9956
7353
5386
6122
6466
7720
3013
2552
5039
4112
2997
4884
685
9940
1169
2617
3286
3701
3877
6029
9535
6836
7568
1849
9485
3501
4875
6668
5189
289
4273
9482
4464
8926
420
9111
2376
3060
7652
7548
1281
113
5631
5885
720
4318
8245
1720
3302
6882
7362
2408
5355
5582
3493
7041
1711
6715
2320
3248
8198
2172
8804
9817
6321
8886
9150
424
7265
2220
8568
3857
4440
3986
45
3272
7014
1158
5840
969
9647
9336
6434
2000
4826
6411
8720
2999
6077
4649
5524
4485
5551
4815
4257
8030
5869
7797
5859
1310
5304
7538
4322
893
5680
7690
3038
9368
6749
7793
7476
8150
7706
9182
6798
2678
416
7142
820
5455
3721
9490
1149
9971
7252
9277
5597
5172
6592
5248
1022
6460
1559
4698
7881
6485
152
9414
943
3975
9016
5040
2507
7164
1055
9553
473
658
6507
8139
5217
8838
891
1044
3633
5719
3683
191
8756
1291
3144
8367
5493
7750
4584
1902
4635
9589
942
8292
6437
2819
7167
2150
7902
1188
5277
8809
8778
8795
7727
3086
3427
5807
5316
2045
2475
7839
7045
8982
8310
1256
7694
595
6973
7137
526
7934
7928
7044
974
7593
8812
9235
9051
4491
4701
134
7917
29
9789
8380
2868
3582
7819
1805
2063
9505
9056
7165
1759
114
3626
2526
3019
9461
8580
8118
3761
2256
1087
5786
7144
9228
3818
721
7850
612
8361
1186
7502
2637
374
5422
8488
6388
3486
4697
7359
3418
2243
4802
5570
2133
8051
5139
6691
7291
1915
3679
1850
5283
639
978
3004
500
9629
3108
7989
9344
9118
5615
2927
342
2527
6822
8640
5136
2047
3152
9989
9803
102
8519
1202
3029
4244
1604
9903
3221
895
5322
1840
9545
8049
5043
3024
3821
7813
2226
2915
2877
5612
9767
7843
2003
2831
3854
3171
2994
1874
3109
9110
7255
2896
7312
3513
592
861
8823
5017
731
6186
6709
116
1772
1838
8751
5105
3023
305
6878
2839
5831
7415
81
6425
2198
1357
6450
1203
8089
9992
5241
683
834
1358
3750
8237
6361
1935
4386
224
6504
4886
2250
663
1718
8688
923
5862
4325
4128
7054
4766
4060
1200
8802
14
8075
5200
7136
4871
5619
2394
6301
1529
7001
4255
3256
9516
8158
6571
2023
5599
3661
9574
3893
279
8775
6893
1302
4511
6342
1616
9508
6066
621
6806
2067
6747
6277
7333
3219
1541
1325
7528
3440
1962
9563
2411
7059
1467
8112
1594
7015
2785
1584
8673
7450
7381
4984
4733
900
9936
8713
8589
1194
1038
5109
2501
5758
1614
9839
8632
3099
1564
509
5983
1415
1839
5810
2213
1590
2847
4853
4574
1960
415
2141
2377
8536
3271
458
3637
2651
8003
418
8981
634
9381
4913
4084
1565
6971
9234
3463
8274
8368
7188
6853
5773
4629
9500
544
8928
1113
8573
2470
4072
9484
7731
1669
2072
6630
6774
9190
7852
7259
395
8857
3052
4675
8780
3909
8502
4421
5608
7472
6373
1727
5347
4004
7642
4313
5566
9391
966
5319
356
1408
9105
1324
4780
3467
4473
462
3922
6155
2017
5951
1285
7088
7019
4600
301
8079
419
3238
8430
9065
3677
4623
7829
1486
2769
1571
3947
1438
248
7988
6937
5140
3121
2748
3450
153
9255
536
4831
3706
2945
3869
5703
3606
8980
7321
5918
4965
2111
2093
6479
290
2909
5279
9096
6785
2992
9909
1377
4659
2148
9808
823
4694
6802
2771
982
4205
2482
3658
7097
2348
163
1522
9622
126
2963
7437
6924
8379
6827
217
5696
4986
2693
5559
495
3405
1127
7560
100
7016
319
6855
6994
4460
3859
8528
5495
3616
9162
9405
8987
2294
3646
2880
2626
4762
9307
4450
8500
4954
7129
496
4433
1823
212
8907
8494
9565
7234
9519
8978
8458
3536
5382
5350
7287
8152
6944
7541
870
7546
2654
121
2583
2777
7209
1848
2162
3044
9632
240
5516
1657
1542
1895
144
5314
3592
466
4057
350
2895
2811
4383
905
6751
8938
2865
9086
4957
1690
1812
9412
4312
2797
1972
8959
8004
4508
3482
1386
5226
8772
6294
8026
4177
7710
1372
2841
9082
5094
7822
5826
9395
21
1930
759
2595
8525
6205
5772
5997
9215
4194
1328
6459
4837
8855
1688
4043
7168
2414
6464
8092
8843
6569
2912
2717
9035
8437
4742
9677
877
9120
5310
7131
1714
9323
2765
8319
7957
9692
8747
5237
7084
3193
3182
1083
6214
5024
8681
7772
8359
4879
3890
2485
6449
2697
3789
8370
7340
8912
8646
1659
2520
7400
4101
9448
4000
5256
4631
8390
3605
7998
1454
8545
2998
1028
119
4137
3648
6422
6157
2379
700
9409
954
2934
2449
3423
4716
2727
2304
9555
2473
2434
6574
5363
1331
656
5400
541
344
7492
8692
3285
6519
8384
6080
6147
7635
7398
147
3572
8163
3406
8555
5779
5522
1622
9925
3396
1786
8726
7705
5234
2767
172
8827
5678
2630
7965
149
7358
1511
4576
726
8899
4558
3871
3855
3791
7022
505
6797
4107
9253
4580
1765
3537
6000
9411
7530
6302
498
4120
2708
3728
8753
9915
5031
7408
1791
6795
3974
831
3387
9810
1356
7275
619
8666
7499
6016
1881
5866
7778
4668
57
7058
7481
1032
5415
2929
4843
304
6136
3636
540
1561
3915
9856
7757
4159
3082
2390
3888
6587
8578
9951
8743
203
8915
1419
8270
262
6414
623
8318
2688
7785
1633
7201
1063
2454
4058
2969
2272
597
987
9070
5063
8863
3874
11
8244
1865
5830
4036
3589
4044
6876
4869
4456
7564
8475
155
6237
4854
2087
9205
6733
1175
9088
7354
5125
3930
2725
9995
4865
7384
6712
1330
914
7161
5701
1292
4162
6137
9695
5205
6129
8607
9377
6001
7118
9811
3628
3166
3509
8203
4174
7523
591
1957
3560
7427
9880
9894
2239
4782
3306
590
8290
8477
3497
8344
3522
4999
8308
2431
4741
1445
751
3792
6253
1181
4952
1029
7986
9662
3808
3583
6363
9396
1617
2200
9299
8864
2013
5824
3731
3952
5439
3188
5284
16
38
1215
8218
9774
1882
3542
571
7763
101
2498
657
196
6060
6658
1981
8776
7490
1146
2313
4543
6174
4104
6390
8826
4085
2825
4008
1974
1983
6070
6714
4642
7370
7393
2680
8107
2425
9489
4220
1274
5583
3254
6693
4702
6588
4795
9975
3114
2545
3033
31
5778
2790
7031
9465
6475
6781
2350
4903
9454
3246
8520
1683
8213
6598
2098
1668
3370
6108
6689
6444
910
6283
9189
2147
9232
5266
9876
4121
7612
1776
3110
9328
9038
8419
324
9379
5090
9778
1680
5336
7854
2002
7156
8009
501
7170
4351
4391
180
4496
8650
2442
1728
851
9002
2462
2710
8227
4911
6753
7621
8689
3657
8422
2884
9165
5939
564
9736
1871
3430
3757
4176
7417
8660
6931
8649
6929
3562
3552
7418
6431
6094
9155
9912
5239
9333
9888
5692
4525
9176
4700
6242
6440
428
8088
8952
507
4407
5632
6597
9128
7056
4470
1494
3690
1649
2060
4791
8228
5751
3801
4157
1589
8917
4849
8286
3588
6336
5629
4775
2457
4932
9330
4401
1314
5162
3788
1833
3096
932
9592
1639
8125
9464
6923
7055
8887
3330
9130
5768
5888
5681
7518
4234
2317
7975
2308
5078
4662
6932
1582
3779
4688
6901
9576
7742
7479
9604
1784
9741
360
6724
9633
2783
4796
9300
483
3197
2413
8110
3115
1988
4409
6844
2845
7467
8474
8711
3324
1309
5341
2323
3815
8968
5801
986
6010
7308
5384
5511
9605
4939
7574
4967
60
9007
5811
4516
6260
1884
3068
2837
6320
7198
6359
3504
9302
3856
1574
1334
2270
8008
4923
3831
3642
2657
8408
9554
7272
948
7494
7747
734
7993
3261
2562
6651
2355
1332
8623
9095
7856
2115
6353
6952
5553
8813
8347
6884
2519
2700
7443
2995
7244
4836
8102
5321
3693
4337
2386
992
8307
5771
9066
3212
4015
5855
6115
6151
5822
8389
1378
7744
853
3842
1257
812
2378
4370
2426
6567
8551
4462
5392
5464
8073
4005
888
7985
4905
7527
4014
3994
6824
1061
511
5128
8356
9054
769
130
636
8521
1114
5343
2801
9010
1192
5636
9794
9477
2975
9805
9900
5488
5649
512
42
4445
6195
4422
2722
1872
7316
1345
7668
5989
2091
2199
2077
2875
84
8492
371
3415
8155
9372
2041
4610
6249
1115
5695
8271
8291
6941
5904
3100
4119
8842
1423
3696
2758
6383
7228
7405
6158
1966
8420
7004
4652
691
6889
2970
4634
4653
1070
4734
7171
8879
6036
1782
2459
7804
8889
5665
2936
999
2807
995
8129
8312
2218
6777
1191
642
5147
6023
8298
4134
8327
2782
9945
1807
5173
9191
5711
713
8358
678
4744
2314
1271
1133
1329
4382
6429
1469
5889
3954
467
9357
1233
9008
1021
5929
7439
4256
5489
2371
7375
3224
4713
9848
8722
2340
4429
3299
4274
6211
3705
8444
7061
4594
800
3916
5299
1299
7013
5309
3084
9577
824
3953
5461
464
159
4738
5791
8059
9823
270
4509
3305
1601
897
1187
9562
1139
8934
7725
9124
3745
8386
740
6794
4410
6860
9143
2118
8767
8644
4304
1361
1986
3685
8531
2750
3154
9546
8083
76
4384
1624
9499
7889
83
7030
4581
266
8345
504
6150
7695
9638
2718
8594
8675
6455
1109
3968
7251
6634
7783
5057
9669
8263
6272
9929
8337
4756
5844
2391
7915
805
4916
1229
5169
8856
712
5089
8923
4890
2818
206
6676
9781
8597
4771
1726
5725
7395
8955
7328
4794
9437
3160
9906
7869
5433
4303
2438
4366
3554
1984
8883
5015
9169
572
8651
1771
5098
6957
5769
9433
8015
8951
9560
9960
8443
4678
7976
3335
6315
9188
7807
6058
8916
9946
3556
2922
5112
9250
4847
2897
6895
8656
3945
3612
6478
4607
9696
3235
3840
5421
9157
946
1503
4696
2192
6446
808
9173
4754
9432
7903
4627
9850
2368
9094
9306
1661
2911
3128
7786
7271
9478
3502
5016
8845
1398
82
6894
7179
8120
1724
8077
9292
8360
690
2919
4142
4655
9436
5656
1196
2416
9273
9402
2702
87
3579
6568
4554
3265
9530
9063
5586
6420
7515
347
7533
8542
3946
1527
2137
4994
3807
7958
1964
7457
2247
1092
4416
6138
6540
9583
9952
5232
4839
4566
6418
3020
1184
125
6056
2106
2116
8533
6754
28
4285
890
3644
7818
2852
1072
4423
5724
8159
9023
8207
2227
3885
4881
5834
7664
490
2006
2768
600
3485
7687
4943
232
1949
3459
6252
1725
3165
1903
5480
8190
1508
9493
68
268
4546
2207
6099
8463
9653
4238
9449
5873
5652
718
7996
8816
2189
2715
739
9599
8832
2240
2241
5367
9865
6039
627
6404
7357
171
5460
8773
977
6577
3303
1672
3018
7260
6132
6838
5981
1937
5101
7447
7145
5231
9815
3168
8803
989
2878
4406
107
4132
5883
2822
967
1861
2011
2400
719
1295
816
1496
5969
2855
1475
8897
7277
1852
6669
3526
7955
8806
5117
848
1224
7911
1627
4243
3545
6347
6376
733
8484
459
530
8211
5272
1989
8277
8956
9004
3270
9581
1699
9783
5856
6984
570
1607
6206
4398
4691
8373
3749
5908
4779
9602
216
8170
9291
9770
7414
710
9746
6677
7116
843
5164
3663
7463
1675
7335
7346
8615
9170
7704
9786
5353
4931
6027
4608
8593
1870
8945
4387
3521
2815
9151
4549
775
166
5166
6263
4146
5240
5706
5948
3741
563
5019
5071
7082
122
4804
315
7374
53
5041
919
4887
7968
396
2729
5303
8744
2360
6164
3561
5762
9722
7508
3028
8836
9917
3201
2204
3441
3614
6928
2354
2656
5598
3158
9962
9982
9649
5947
7650
438
3053
7276
7098
9914
6057
628
7060
6547
5482
6177
8041
7862
2542
1406
708
7379
7107
8718
6415
8179
2183
3287
5286
9041
596
8413
8574
2056
3179
3384
9392
5699
2481
4270
4781
9471
1249
3244
5191
7074
6637
6843
5158
7589
6812
7559
1453
5704
7181
4663
3777
7330
4026
693
4974
9327
5510
1733
237
9147
7636
5996
1789
8046
1658
2124
1165
519
6329
6619
340
8479
2662
1089
5529
7268
6296
3213
4724
8476
5273
4601
4403
936
4096
6244
5625
1232
6544
9973
4505
9608
2794
2623
3183
1825
8231
607
8828
7075
8630
3519
3674
8249
8031
2010
243
384
6410
357
4040
2809
9233
1279
2492
5302
7152
502
8473
8924
4259
6488
6796
5012
4123
5774
8538
258
6120
5494
3613
6423
4016
4482
2291
2032
7267
8036
1787
2707
8696
3191
8369
5058
6193
388
8588
9496
1397
4376
2496
7213
7606
2918
6934
2744
7890
3495
6925
9684
8491
2658
6395
9978
598
599
2373
5332
7351
7295
4329
2191
6257
9739
7545
5902
6352
1054
2696
8670
5067
6674
7018
167
4402
6914
6084
5100
4727
8411
7833
1124
8958
1250
2522
4535
7644
8603
3675
8723
2312
4018
529
2588
2149
9134
9298
2659
4972
8495
2190
9069
3754
3774
4468
8638
3598
1938
8591
3402
1384
204
7498
4813
5520
7876
2684
4561
9775
6313
7995
6606
4217
1132
5486
9600
6814
5716
9703
1498
5737
8869
6470
4299
8645
4829
4867
4885
2197
795
5839
4555
7424
9987
8801
8366
8191
9596
7992
3040
1505
4912
7766
2001
5938
5668
1432
2645
3408
8148
5171
3864
4229
972
8524
747
1813
3618
951
3548
4080
8241
4706
2615
4133
6481
4680
6864
3960
7867
6642
8553
8988
1272
5814
6332
2206
1928
2039
8432
2155
7808
9259
7949
9064
8417
1626
7293
926
7488
4721
4789
4979
5174
9804
6959
4944
9844
2529
8724
9881
1954
2575
4534
1446
3198
9597
9542
8742
8893
4158
3655
5312
7920
3234
1518
9564
1629
9712
8793
9039
8629
9997
5470
6986
6815
421
6730
3445
77
8123
5743
5417
6614
2362
3943
2802
8016
3611
3063
1339
5600
3452
1385
4405
1537
3353
5001
576
1090
7189
5979
3662
4950
8392
8970
4197
7122
5734
4551
6532
9734
8604
3190
5141
8028
1369
4583
1050
3178
6554
7323
8605
2743
3600
4740
5952
6163
4920
7080
2703
4942
7513
6182
7114
5427
8730
3420
8770
9889
2483
1800
8236
1896
158
4441
9782
2704
5181
7803
7969
1778
8895
5329
4481
4808
6397
5026
5410
7112
2514
9426
2548
7868
1731
2395
3847
3047
1246
2606
1835
2289
6412
5207
5982
681
2170
5187
4776
6409
6881
3580
3414
382
5054
6271
6322
9821
7256
9418
1489
1478
8313
6259
3649
5538
1368
887
2236
4296
7696
5767
9819
3400
7509
4263
8126
4737
5788
6107
7281
9003
6100
355
4778
7484
3461
2452
1051
9559
2550
3322
8798
7806
3017
6384
1843
218
3951
8522
4427
7723
1173
9276
1814
7736
8289
7356
9217
8962
6675
5949
9476
8957
6964
1046
1451
4091
362
9062
7496
5048
5852
6531
8065
9197
8281
8428
3499
1801
5702
4857
9117
1531
1889
6530
7036
2043
4289
2153
3632
6744
8117
9225
3707
6392
7951
1195
8643
1524
2592
8409
5887
3492
7830
7460
5371
6962
1399
7712
8052
2450
5307
27
7360
3498
3993
8698
6908
6800
2253
5448
422
4564
8243
50
3436
8592
1862
9949
3216
4033
7344
3546
3133
3356
6823
7419
2234
1877
1125
1596
1433
5468
5218
3126
7390
8619
6421
4560
3879
2681
9261
3448
6813
4275
2803
9506
1556
7607
4743
9827
8849
9532
7737
1396
7302
752
7160
2610
450
9159
3050
5708
8202
4846
6104
6644
9460
1799
1067
6290
6559
2538
8874
8965
8777
7320
5107
2982
1057
6742
2210
7192
2589
55
3106
927
2906
9644
1017
6050
13
756
8178
408
4467
6828
2990
5055
2512
6721
5377
6291
4636
8086
1971
9352
1700
9706
1781
7426
4876
9986
5036
3122
9125
8548
3118
8316
3934
5238
329
1103
7571
2587
4624
9705
8252
8068
7298
239
9869
4240
8825
6784
3021
9806
3711
7103
4214
5525
9077
2935
1867
8616
5261
8714
7361
1060
7219
6222
47
901
9779
5562
5431
1006
1947
7331
6325
229
4444
9198
4212
8143
5818
852
581
7828
2836
5675
4989
8550
3639
797
854
906
9539
432
3578
7366
5478
8478
6217
2332
1832
9882
2398
2476
979
2948
3030
6750
9103
6034
9284
1364
5740
1221
588
6284
3394
9716
5229
8750
4533
1098
9557
9935
9055
9244
7634
2175
8305
773
6041
207
6862
7910
8497
2798
2984
1656
2062
5199
5783
2447
4282
3032
3176
3719
3161
4880
6611
8514
2613
5450
7174
6148
4638
9710
189
6012
7531
372
2497
5662
7651
469
4896
3819
345
873
7005
2262
4811
6287
1701
9474
2274
1033
8894
6968
6354
3775
2690
4061
3280
7076
1078
2359
5005
840
4346
4514
5042
8910
5854
4349
7717
1179
6786
6317
2850
331
9221
8087
2026
481
4527
8454
3447
4064
5527
9338
7765
9204
7380
1504
1429
6438
3046
471
6366
5639
9310
8242
8180
3214
620
9222
5763
7711
6097
6394
8294
4582
7994
7399
7242
662
85
6073
4821
3274
3245
9413
9408
4466
9937
1576
480
675
3506
6535
8206
4381
3094
1685
7927
3273
6871
4873
4529
6340
4020
4230
7521
2049
4661
8447
4929
2357
7846
9791
7880
3853
2627
4114
5428
8527
2309
4447
1950
2943
648
96
8609
6789
2142
2420
4227
3150
3147
3211
7522
3342
4827
6560
9740
8442
5259
2277
3838
3540
8657
9955
4497
1679
1411
8471
5357
5552
7223
2410
1163
3056
2762
5593
8283
9679
1053
9820
7292
7973
5803
8397
8287
3364
7012
6341
2619
9113
7132
3629
2724
864
8859
312
6314
37
7912
2259
173
9428
3107
2539
3744
5198
2735
4086
2255
4930
5898
5116
8137
1752
4167
8421
5653
5930
4110
4953
8383
6218
5280
695
6145
1030
5907
8385
3410
6511
4767
5135
1275
5796
7148
3079
4786
4536
267
186
9593
2699
1526
7582
8575
3357
549
9266
3806
6134
6670
9759
231
3844
4751
7104
6805
2079
1471
4586
2903
829
7396
3149
7270
1460
4125
5845
5713
4637
7428
5317
2712
4616
8590
5086
5301
4945
1016
714
5435
3861
4515
2146
9181
1987
6833
9886
3931
3555
4928
6645
2639
6019
5202
4609
7205
7575
1440
3130
8518
9730
2096
6499
2325
1064
2245
1118
1004
5395
4149
9076
105
4486
5252
741
1873
6160
5010
8584
1695
8127
7348
214
3105
8269
2229
4452
9515
1034
8487
5404
3175
2184
9380
1798
8113
6250
2772
5184
3205
5956
9571
6014
7049
132
5741
7305
6605
5437
2861
1719
5537
7073
7901
9950
5504
254
7239
1298
1346
3716
1380
72
6930
2107
956
9401
3514
6602
1009
3466
6757
9419
6381
7945
730
9194
7248
9857
7932
8182
5966
838
5759
6416
6328
3817
8933
5274
6351
3895
6746
9321
8480
1890
332
4559
7784
1252
7062
7096
4934
2983
2127
6687
4948
4690
5138
3026
6861
6119
4248
6915
7115
6524
9287
5170
3327
9033
4122
4310
2480
5789
4603
6972
6583
821
4540
1665
7318
4047
6442
9772
9760
5569
5747
1338
7431
9122
3710
8396
3732
4483
771
3769
1834
5004
7240
7615
2364
1851
2543
6202
6331
1010
7532
9985
499
2221
1189
9691
3090
6406
8954
8570
2466
17
9458
5216
7412
8177
784
7764
6069
9590
8029
7752
199
949
335
5434
7033
5775
1336
7691
2123
2784
7699
5633
622
309
137
8732
9184
5373
6526
2073
5884
5689
9001
280
188
9854
4340
9218
8433
2235
7039
7413
4260
9295
735
2300
786
4506
8142
3590
5406
5185
1706
8940
3074
273
7665
9121
8090
6358
983
283
1547
8174
3241
4933
8833
5903
1452
4686
2956
9240
6716
7770
574
26
9830
6006
1151
7519
3926
9522
6599
4899
3363
2560
3374
8192
3607
8326
2810
5987
1696
8513
6900
5651
2951
1042
1426
2101
4252
4503
5188
5473
9738
5497
8901
1982
1959
9860
2040
2584
9366
1970
9067
4835
1350
3963
7194
5149
655
6517
9761
400
8011
6783
6338
5877
6241
2611
649
4705
7475
9311
6101
4193
3995
4938
4864
9148
6711
7190
4221
92
6803
4041
8880
7697
8459
6495
445
425
3586
3515
2525
7382
1079
5258
6399
4593
3237
1240
671
3961
25
5018
2716
3596
8362
4927
168
3242
1086
5148
62
6067
3407
4877
7289
4783
4353
4432
6451
7047
5407
7342
5222
1402
373
3839
6910
9726
7495
593
9422
2793
5568
9795
3866
611
5475
1321
2016
8784
6650
8376
9694
4863
2061
4028
223
4377
5644
5333
7942
131
9764
753
1905
2958
6820
245
2307
54
7133
3505
2739
1381
6176
8226
2719
4855
2092
2889
5331
4548
2217
2048
3139
2949
8702
8769
5526
3136
7389
8663
5419
2791
9394
6917
4006
7327
3223
9875
6467
444
9199
5002
6916
3215
6234
6391
4538
1045
3422
3500
1740
4959
3654
3375
928
1027
7511
6083
2509
8210
2829
2287
349
4070
1899
836
8230
937
2535
7471
1142
8336
7493
1071
3002
892
2871
9979
4531
3416
7285
3255
7930
6194
78
1383
9855
8820
7572
4562
3565
3164
1708
9802
4755
2962
6369
5082
1587
8815
7178
9788
6189
4418
3933
5049
6974
5449
8748
5813
667
9835
5971
3795
2804
6427
1439
4198
6617
1394
5499
577
4915
8587
9586
6660
4320
6140
3057
5674
5893
1738
6842
6911
8870
7371
3012
707
6704
6229
9607
3404
8351
353
0
1613
6501
3529
2649
1041
7482
7831
3425
8541
516
7310
4799
5841
8704
4907
6846
2650
8377
307
6933
7905
5534
6180
9106
8835
8684
9104
9285
2565
6049
7246
6902
8647
2114
3089
7378
787
5446
4523
5602
2140
6441
9665
2614
4626
2223
1481
4330
7046
3333
2778
7072
3433
8599
1821
7020
2796
3227
4338
2761
2540
875
9053
5910
6109
4165
8878
6852
2224
5338
1611
9752
5995
8532
8449
6007
7925
2283
9457
6570
2121
2625
8731
8453
6710
2634
5123
3700
5134
5531
8018
4332
3722
7676
6834
1702
2805
9331
3284
460
545
7071
2695
4109
2033
7505
5782
5500
2036
3073
1322
3217
4978
1723
4196
1797
8900
5032
9498
4009
7959
9102
4317
7991
701
2954
6143
3163
3236
1238
2668
2187
9138
5265
774
6896
8760
7520
4852
9431
4592
298
7874
3014
4660
3008
3635
2100
2553
7627
9270
4612
1919
2800
4408
1084
2513
5503
3077
5766
6804
8690
9682
3381
7337
5515
1473
896
6324
5517
1911
3354
7972
9829
1213
6312
2282
8194
8216
4476
5099
1231
3399
9883
4673
6018
333
7294
6251
1597
7064
4181
796
271
4037
6357
3747
2403
9843
5960
8061
2515
8617
9812
2894
1681
1743
6024
6173
2303
1011
555
2095
4261
2867
9046
6865
5027
2600
120
757
4242
8486
1373
6152
6631
5325
1052
7674
3768
5933
7217
2393
1488
3836
3181
8627
789
2996
2372
4618
1307
5928
8060
1651
3573
2316
716
1255
1154
8328
5365
8261
4314
129
7469
9441
443
9776
4283
6187
1762
5896
7175
2343
7446
944
2821
1145
9219
6493
3146
5931
255
7997
6002
4858
1817
5628
7329
88
6339
5219
5977
9650
8013
2035
8808
1140
1214
4544
9566
9115
6680
1068
514
3162
3025
7859
5693
814
3382
1535
732
8949
9341
4189
518
6131
3925
5685
93
2208
9026
197
3488
9068
7715
5533
4439
847
6705
1623
8796
869
4354
1134
7979
6525
4052
1569
8306
5330
3435
440
9626
4361
6179
8303
4897
3904
8273
6496
6513
924
2683
4520
3251
940
2971
6725
3252
5152
908
2258
3097
6734
6266
306
339
9526
4735
717
1197
9466
8034
1572
4679
858
9878
8668
2938
1924
8546
7987
8014
8280
2979
6778
4909
4504
8353
3267
5543
559
5976
5160
4617
9922
4517
7173
4023
3676
7464
7790
6579
7143
2143
6443
5744
6170
6697
8581
6005
3411
7338
1178
742
8145
7982
6168
8544
8596
2464
9337
8
4292
7735
210
9690
8394
5267
8095
3790
6153
941
5023
6550
8440
7566
9249
9334
7777
5697
9356
5790
2981
4599
5443
9701
6956
1546
1539
175
2275
3835
6604
5560
1095
1777
964
9050
7117
1860
1897
2667
4598
7284
8966
3949
557
3619
763
4148
7815
6527
4906
9350
9670
9497
6402
4326
6113
8635
7584
1326
965
8355
4088
5153
3348
8439
478
2511
9351
8512
9098
1818
9729
5860
2104
5571
4144
336
4960
7685
694
1342
8523
7680
2843
6720
5467
8067
3689
8745
8918
8906
2120
3520
3484
4502
1413
2075
3517
1167
4321
1306
4824
246
4784
6172
2418
4092
6197
5396
4987
4902
8503
5465
3940
6304
5381
4862
3289
1927
9032
554
3123
2139
6541
6979
3682
2453
4725
8452
6185
1755
3185
4309
9569
9938
8761
7404
1792
9209
8468
2276
650
5077
7102
5914
4245
1635
9645
8576
7204
6209
8759
8563
9208
3473
5532
5764
3921
6476
4615
8621
8691
6142
4397
4820
744
3601
5923
7939
2685
8622
9308
6405
7577
4266
9375
3886
3098
1107
9248
3697
4488
5630
8974
866
7540
1996
8613
4307
7300
476
3048
3880
5794
7454
8898
3992
5177
5607
2946
8045
1501
4941
7000
8071
7913
3140
2901
8710
5797
4254
8109
1343
8069
6043
7449
9518
3622
8564
6385
9220
5291
8888
2908
5961
6048
1525
5836
5950
5264
4241
1157
4964
2154
8262
4707
190
3035
569
2551
626
8399
3547
4253
4645
1655
6731
8188
4969
1519
3511
9467
2641
9009
6309
4882
4013
3222
3715
2780
4510
6368
5242
220
7462
7307
4990
3914
7624
1502
5647
5558
7491
632
1354
9998
9787
3281
4845
8301
3581
4976
1687
6837
1280
7157
6473
2788
8222
5156
3058
9754
491
320
104
5664
602
7719
9727
9501
9229
9618
7368
6988
2976
9769
3262
7838
1102
7663
3766
5383
2885
9142
7974
9370
5567
2330
6403
8754
9129
586
2585
6741
3371
9641
985
7865
4457
845
7042
9309
2074
8964
8445
3553
6792
3899
6456
3379
9904
64
370
4007
4019
1760
9014
5349
4295
4588
3451
5937
1019
2640
6551
1929
5243
5698
2295
5253
1868
7269
1449
7261
5244
7896
9444
1430
447
311
1135
9637
8789
5837
9393
9256
4163
1709
804
7847
5179
9610
375
8405
3894
1013
7420
9814
6629
3167
4730
3503
4973
1323
9685
4100
6028
2624
8371
4970
1205
4962
1407
5416
2138
5021
5787
1767
6892
1887
6188
4570
9758
9099
5271
546
8395
6432
2987
6407
8606
9174
9281
3359
1648
1844
5426
7887
9275
3772
8703
6053
8960
8363
3942
3331
2940
6758
1670
6004
2862
6516
2022
9567
3496
2532
8861
2329
253
6938
2122
3615
2687
9192
5638
6520
6562
8634
7221
2648
3304
4773
8455
7250
3233
4501
3812
1605
2254
4842
2351
4859
3297
9161
7029
8566
8063
724
1001
4331
8381
7172
1366
6133
7891
1353
8317
5103
3078
7048
1172
2020
2435
7877
8505
2401
2547
2132
1977
7755
2832
5142
1965
5509
8511
1288
5973
3603
5076
1916
8942
2211
5890
2964
6752
547
366
686
3702
330
2266
244
4465
8774
470
8937
1628
4050
5994
5276
457
2424
525
1313
2503
1236
8552
8272
7620
8085
7578
1320
6355
9319
4358
3300
4106
9809
4184
4426
9864
1390
5917
4049
5954
7938
4124
7237
1921
7081
3457
1693
3278
2569
4419
6963
2136
1278
9988
6370
3834
2064
2860
3231
36
2572
5564
7662
542
6299
791
5375
9818
9304
6735
4145
2924
3516
4800
5268
429
8881
8039
6926
4281
7613
4095
3875
452
3862
508
3226
9720
3087
9609
9126
5213
1749
2989
4079
3876
3944
5521
6649
1490
1600
150
3155
8860
6106
2125
6756
6506
855
6254
6945
4810
6439
537
7595
6858
3204
9891
9084
2941
4348
2052
1206
9286
3372
3755
5214
3085
2854
1219
5825
8140
2751
2754
2879
2489
7199
3756
558
674
5212
1694
4656
916
689
5523
1940
6767
1757
9874
3936
7799
4067
8911
1831
533
5050
792
1632
2574
5670
9288
9423
7485
4116
4628
7409
5784
3344
198
2887
2083
4039
4341
6458
6362
6663
3369
6980
6699
6555
7177
2923
1893
881
2907
5203
1999
4908
3837
6947
9625
1230
7215
3938
8791
4484
4424
7941
9183
9213
1500
4728
5980
8526
9006
1400
2009
9570
1263
2666
3782
6943
5370
9093
4224
5528
2417
6278
4682
8554
9167
2375
1942
9468
9893
2228
9558
1190
3751
8080
4966
9230
3559
5624
2655
8393
4856
4029
109
1007
7586
8025
8930
9397
6694
4063
9417
8661
2327
2664
5052
2631
3908
2268
8146
157
9398
4226
192
4357
8715
2835
8875
7299
4458
106
4105
6845
614
7953
8665
5313
4764
1721
2478
2135
8342
5293
3336
2858
8144
3480
842
7258
3296
1392
1081
4316
5006
7825
3
644
7438
9751
4278
2477
9503
9415
1593
1698
5485
5342
8338
633
9977
4646
3852
7474
2766
5663
5208
3398
6954
2381
2493
6601
2534
5209
2455
9717
1251
3494
6457
9237
4571
9374
2776
5958
5003
8922
7681
6089
9389
2632
1435
8128
9239
9048
3878
7402
9601
2849
9224
2437
2490
9873
560
7216
7186
8438
6977
4463
6380
828
2151
2242
4182
3117
4704
4883
1096
1566
2131
8423
9386
8027
4620
48
4054
1355
7821
6654
2315
9283
1300
3518
1493
2671
2196
2602
6612
1689
7534
4995
3034
5550
5900
3982
4154
8659
6873
8577
3907
12
6863
6949
5327
6078
4168
8515
6064
5540
903
8402
8185
4723
3036
6558
993
2251
9507
472
2194
2430
8426
6626
2265
5051
5920
2521
4075
5022
8348
4438
665
1739
7924
7011
6951
2741
7823
3138
7139
2385
5754
1620
4201
461
4025
1318
7433
4768
8330
170
7091
1209
6717
528
3737
704
367
8042
4012
5210
7698
44
24
3460
9029
1520
7779
249
9132
4622
7618
728
8341
5986
8334
9765
3401
4207
5999
1985
9931
69
3192
8892
8498
790
9575
1710
5895
3796
9078
3120
582
2370
2728
539
8944
9983
1
3479
4001
3970
2302
8983
5546
7187
2694
5880
3413
2119
338
2647
5595
5146
4848
3935
1766
3055
856
6445
5806
5246
616
8948
8121
6927
8189
1532
1863
3045
6870
3978
8858
4300
9704
1674
6890
2292
7124
3456
1920
2034
6491
7314
3199
4746
8631
8340
9262
6627
2518
8662
5618
1747
8416
4385
9792
7866
4392
3863
9974
9723
6130
4492
4633
3437
2257
4788
935
9556
9711
2714
6692
9580
7820
2305
3811
7229
5165
2566
5539
368
8785
9175
1129
952
3308
2225
5899
7962
9799
8055
8053
9439
9642
5915
9216
9757
3576
1237
5457
7235
3010
1431
9340
2178
3729
4589
328
3446
5362
3316
3743
4590
3373
5936
8435
8620
5278
8147
1552
3656
7570
7093
3311
1581
8882
1551
8837
1815
5429
2130
566
1248
8674
3247
2813
5035
7740
9258
9059
8721
2347
9672
7878
3664
184
7547
8023
1678
6940
9972
9920
6868
6857
7646
4591
6471
4093
9494
8154
4083
161
7286
5306
8151
7791
7614
8032
8921
6975
8489
5469
6545
3667
9141
8199
5705
991
6739
2779
1401
111
3282
2559
6386
411
2081
9318
8248
3264
2556
465
6482
1808
8407
9090
6509
6184
4113
1923
4135
5990
2891
7083
8187
9762
9538
4477
9630
9290
8209
2260
2078
6961
640
7301
5220
2181
4714
886
3531
9354
6632
3314
6982
5127
2792
2321
8279
3969
6086
609
2590
3695
9178
8583
3230
6162
8372
3594
7230
4982
6989
3326
1514
6816
8672
8357
7689
3258
297
9274
1418
6623
308
6487
4446
8611
7095
468
6091
7021
9207
6051
3784
8093
6759
6085
41
4870
8637
1337
975
2201
138
6782
1424
3651
9652
6918
8482
3997
8019
2774
9196
4203
5391
9934
1827
8020
7907
9089
2524
5650
5372
5507
9678
5337
3076
8219
556
7552
1750
3376
4643
6003
8848
7448
6615
3481
3395
8122
2008
8752
7872
4901
7392
2838
321
1382
7935
6343
2495
454
7233
3428
7257
4053
815
6061
2165
9616
762
7524
9561
6762
4947
1308
1370
1479
6298
9289
5827
9365
4448
1476
7094
8516
7814
7326
5080
7373
8469
8884
276
7956
5068
9144
4178
9528
8839
5481
3368
2759
3532
5872
2573
723
5195
1403
6267
8043
8406
8831
3220
9081
2278
3991
1012
673
3218
8234
7594
1630
8157
4898
7751
8105
3544
5733
531
7918
9488
288
1243
4130
8007
4681
1005
281
8229
5555
3712
9728
6021
4324
7950
8212
6306
9656
920
8058
9399
9924
8072
9139
4010
2546
8667
7692
127
5403
5777
1056
5364
2099
754
7964
6641
2388
4138
778
2404
6055
1363
5721
5065
1875
5459
4774
826
2293
7824
1909
1586
1461
2269
6648
187
9491
2499
6037
2677
19
1864
4451
8537
1112
997
1523
5781
4077
4613
7591
1968
1756
8119
9495
8410
1880
7211
670
9846
4604
2380
1404
3740
8101
2108
1059
1691
3604
8315
9480
5025
8797
4297
98
8920
5967
3816
4056
7771
5575
2612
4118
4949
9916
7319
4098
4841
9970
8099
922
7666
8971
2549
8066
2238
1262
2088
6831
8164
3920
3323
3011
7675
8961
9793
613
2661
8084
3332
5792
5447
6360
6537
5118
6207
8671
2367
1933
9469
5965
5182
9994
6319
5604
5646
7278
3483
9849
4143
3659
5466
6389
3574
884
5563
2738
4
3587
3386
4271
1174
7324
1043
3042
6849
2599
6433
6851
6204
8265
9257
5126
2341
365
9733
2436
3347
2168
3275
8135
1888
912
9853
4619
2579
2188
6685
8830
3276
3083
513
9541
9969
8927
485
2646
1225
2089
8610
6652
6225
1811
453
3713
442
1284
1697
2755
2555
3987
6095
3066
652
7796
9314
9879
6292
8181
3200
5847
794
3860
7106
1978
1515
3462
6690
6199
5641
5921
1598
9231
3681
3527
4164
7473
1375
9587
4833
4644
257
4185
6773
5088
9149
6653
6839
1631
7315
6539
5848
4851
1577
7280
2931
9479
7466
2893
4866
6046
2749
4684
817
830
9267
6566
4246
9238
6553
1579
4209
4889
8998
5487
4493
2117
6032
9045
3538
2407
5130
5097
5750
5828
5236
7364
2458
950
1282
9260
1171
5727
736
2290
7801
7693
8005
9833
6563
8156
1099
6424
6942
86
1664
9598
43
3124
1088
9699
7003
3439
3417
2443
4323
1979
9941
9680
1856
1906
1058
7504
6586
1427
2991
4997
1793
9923
4430
8896
2432
3575
7423
2310
7432
8729
3624
8903
799
6452
4936
1462
3464
4657
1992
9359
5735
6875
2608
1748
4390
5913
4926
8868
2851
9513
7063
6238
3228
4027
8697
1550
3692
6232
839
7536
962
2280
482
383
6246
3989
4494
7550
6156
6556
7787
2993
5726
6696
3977
7999
327
9434
1578
8984
3489
6643
141
18
3671
3343
9606
6628
6662
7349
9676
2297
9180
3873
386
6522
8788
849
5190
7899
7893
9927
7922
1106
1528
1062
6593
8716
5924
7483
8628
8758
625
9523
6769
3528
4378
7262
5397
1212
4301
5260
4711
296
3584
6169
7758
6589
3793
5746
7835
1944
5424
6764
9511
6847
4455
4141
1734
8699
2057
8824
7753
6270
6719
6033
7497
9247
837
7210
7507
6514
5368
1925
9689
1580
6308
5376
2014
294
5221
272
2296
6903
5045
4639
5850
5297
813
3672
7220
1436
3081
4389
7406
5344
1735
9031
768
6542
3393
7325
201
3253
1347
2164
4031
8331
8094
3059
9698
3093
5483
4850
8465
1809
2158
5233
8506
9390
9438
4237
8205
4347
8679
8076
2448
7128
5992
1543
5871
1595
8238
5411
2216
6622
3771
5323
4587
5418
1185
7253
959
5667
9611
178
6958
1463
9254
8175
9623
3173
2173
1076
3453
5643
9140
1941
9831
8685
5183
4648
6396
4045
7535
6584
2558
4367
6673
6327
4269
5072
1122
9872
9780
4752
4770
1499
4567
4343
8167
2926
5589
7377
6175
8614
6240
3365
1653
7768
4553
2441
3826
5287
1091
3174
117
4495
9552
1371
1207
7008
405
5819
3487
2713
9965
4191
9755
7169
2479
7931
9930
6856
9271
4417
5714
3727
1410
4765
1660
8225
4179
2598
1753
5584
4305
5235
2921
9013
1816
1100
7297
2387
5707
6543
7023
913
6181
8936
2421
1333
2281
7684
532
4239
6618
2396
181
4834
4729
1008
431
3595
2848
5765
9028
5717
1751
4763
343
6035
9424
9947
7339
4195
5328
7701
8768
5133
929
2352
5842
7661
2824
9407
782
520
2500
2109
6377
7
1159
6775
8741
4579
4431
1491
5953
7038
6877
7376
8929
5867
1846
5955
2977
6350
4032
8561
5108
3557
6228
3736
6079
1769
3112
3919
7599
2642
8097
3490
2263
8639
1389
8992
811
7567
722
6760
6118
4940
99
7391
282
8461
3172
7919
5715
2145
7848
2031
6435
2604
5943
8264
2028
2950
5894
4996
647
6811
4379
7010
9544
3753
3928
1352
6054
8320
8664
1235
6121
2007
7908
8404
3141
300
1770
4030
8602
8081
6726
767
5901
8400
5093
6590
3438
9058
3976
3780
6400
5808
5720
1420
6462
3249
6755
1455
2319
7067
1779
8598
6885
8235
3355
2537
3279
3458
3691
9663
2212
1609
1242
7656
6607
8676
1137
8738
4578
5161
971
543
7643
6497
3260
2333
1830
7906
2898
3429
7640
4732
1741
4925
5423
3717
3391
4693
8354
5034
8466
9548
7163
8834
3564
6818
5793
4878
5863
4038
413
2636
3431
7153
6904
5225
6761
8223
5324
5451
4355
4565
6198
7282
1796
4380
6011
2883
6465
7430
2288
1642
7673
8078
5634
4490
2682
1143
4736
980
2264
6297
8288
5298
8276
9664
6273
1464
3709
1763
2342
264
5296
8902
8304
7231
7526
8108
3184
2773
8098
5074
3508
5622
9655
750
1610
9862
6417
5565
1443
703
9187
8314
3432
4625
3541
292
8257
6732
6886
1228
6117
2066
1036
80
6280
2505
575
6515
5257
8010
2446
154
9131
688
580
7639
4152
1037
8687
8995
4844
5935
3957
5339
4537
3523
4160
3064
6728
6026
3349
1421
3292
5388
9080
8821
8700
3738
8562
5658
5757
359
9108
6766
1883
5245
4650
56
3687
5870
5878
3232
7860
1148
9012
6261
7700
8250
3454
8074
860
2339
5300
7840
2966
7193
684
2823
8517
1567
2733
9083
8064
9425
7576
2643
3043
6883
3699
5591
1612
7774
8559
4277
9773
2160
9303
5013
7943
7810
6401
4294
9447
9591
133
8973
2159
1570
3041
2978
6265
947
2826
1201
8728
9668
1931
604
5985
1183
2179
8006
6872
5864
3798
2069
6286
2129
6364
1900
7827
1795
3507
4375
4247
5414
7658
9109
5320
6635
9613
522
2959
8569
6521
8464
3129
4344
5993
6269
4472
702
9942
1000
90
1549
934
4807
4797
5964
1220
3346
7940
6969
2576
316
3814
3443
233
8701
2205
2812
9648
1348
7212
7585
5227
7350
493
6708
4640
5215
1258
5197
8626
148
1365
9156
334
7043
8749
4512
379
5075
8322
2502
7980
6991
1637
7185
6171
2709
2764
7111
7549
3724
2322
2660
2890
2928
2530
6103
7760
8176
5974
1425
6059
1857
7834
9836
5436
5613
4819
1290
9967
5688
9226
7926
3971
3714
4267
5912
4192
666
3111
7683
4442
1932
252
4264
4937
1602
5145
7197
551
6216
3240
1270
2468
4993
2986
2910
3985
1745
5691
8871
2084
3903
2913
6993
822
3298
1160
7609
8847
7726
6983
3113
4595
9342
9087
9487
6398
1907
3758
7461
5832
8932
6274
2973
9785
9892
8844
2955
8412
4373
9445
1287
9473
4861
7623
7667
3802
277
9895
115
1316
3979
489
1387
3148
6832
5545
7155
5394
6713
1495
7206
2346
1904
3512
538
8652
1730
2620
475
40
4306
4087
5053
510
7604
8240
1117
1667
1277
3180
7633
2383
8719
9688
402
5196
9996
4469
9832
8131
1254
5282
3810
1477
409
587
6745
8706
4345
1534
4156
3239
6620
9320
9702
5454
8740
1536
7151
8507
2203
3778
2
8866
6966
4961
3209
5544
7647
1247
6275
2517
4425
7616
904
5432
285
535
6144
3884
8865
2742
9858
3472
1261
1993
9030
2042
9826
4541
2669
7592
8931
8683
7543
5823
6850
3822
7844
4360
9905
594
7429
6600
6678
9838
772
7146
8217
8601
874
4115
6166
3939
323
4498
6008
4435
8654
5378
6498
8259
1119
6779
4233
2018
7554
5111
8953
2402
998
8618
6111
2781
6565
4388
5512
7587
6518
3841
1317
953
9921
2494
3169
1297
49
5201
1020
5095
8295
2732
1456
5472
1465
1948
3872
6348
7079
5154
4171
631
4315
4210
2286
5194
1049
7120
4568
8765
5891
9822
9326
9572
6480
5957
4717
5519
1563
5167
4874
7369
3640
3116
6561
9294
4918
2563
4487
5120
5846
6869
2059
3631
3293
1448
6062
1654
4258
8787
1319
8197
5224
8708
1712
4699
7900
7946
6212
5843
2795
6126
5398
2363
5654
3340
9825
2734
6258
8556
6382
3809
5812
3027
8183
1707
6671
2471
65
5176
1976
1208
9373
7347
9052
2920
5760
3210
8755
7539
5817
9201
2174
2864
698
4395
4335
6052
4572
6093
5645
5710
1040
436
5490
7798
6318
2870
4596
236
1335
5732
4364
6268
2070
9863
4552
7040
1437
8905
9018
9943
1075
2770
776
2828
1510
7605
1304
7451
7611
1459
4333
7195
9627
8255
195
7458
1548
5092
5580
7732
7871
3388
9027
7085
1267
441
3005
780
6345
5369
8549
2596
3597
3990
4089
8625
1513
8534
9369
699
3153
2567
7203
6564
6859
5115
8425
8585
2674
7898
4336
1144
3962
5623
9101
8201
2745
3362
3291
6063
3208
7767
1703
3409
9584
9427
8470
2097
4547
5351
314
9918
219
23
1663
2960
6303
5897
7603
9071
8267
2094
9681
2231
1166
4413
4980
7923
1168
7480
3735
2366
8091
2763
8246
6912
3434
9651
6337
8047
4215
2445
2747
4719
451
6508
618
4166
4339
6017
5305
5925
1876
5603
4793
4569
696
1483
6887
9360
2214
6110
8024
7304
1736
3127
9725
835
474
3243
8535
2222
6505
4022
164
8186
5254
4187
7944
2463
4521
4286
2930
6436
5020
2586
385
325
2676
8941
5502
8853
169
9527
94
1412
1774
9166
3887
659
5963
4272
4777
4539
5554
3678
7057
5251
6264
6888
9361
3958
9756
9153
8885
3301
1951
5453
8239
6830
3380
9317
7970
2080
9164
3647
8111
1223
6996
5175
6679
1638
364
7070
9451
7037
3307
2171
5356
3320
1891
5542
1588
8387
5430
9348
8862
7619
9747
1150
4991
7631
6549
135
3898
8658
8766
5611
3475
8558
7746
7009
9675
8499
3468
5385
2356
1859
976
9119
2176
550
1340
4068
7556
8876
5211
2711
1952
9329
7007
1327
35
2025
1395
5263
1686
868
9841
3718
6603
1126
6413
7191
8794
5673
5144
8805
4249
2152
3984
9748
4951
4658
4035
5387
6737
7769
5581
8285
6633
6625
810
1428
487
8579
3325
8972
1047
5561
5014
3103
7162
1245
7686
215
7135
9628
3135
9687
2423
2055
5731
1422
8378
7309
5113
5975
1104
3470
9660
9346
6190
9777
6349
4204
9107
7649
142
973
988
1676
9293
2726
8038
6572
3668
818
4606
6510
9297
608
7166
4597
9847
9044
8215
251
2415
5799
7140
3157
4471
1621
7812
3007
994
4066
2663
2672
2369
5122
8293
9097
9612
250
241
5626
6289
9456
6128
7503
8571
2577
7608
1269
9666
3593
7453
9732
3981
2054
5682
7708
3102
5513
6288
7123
8725
4585
7936
1553
9455
9017
7243
2531
8841
1065
3948
1393
4739
3491
5096
3071
7090
9737
4614
5853
9595
5729
8560
4153
2827
5440
3794
9429
1645
108
7435
5742
871
4955
2267
7858
7773
9483
4291
7597
1768
91
5761
118
492
2261
7873
2853
4454
4904
9643
1732
3015
8707
5029
8106
8771
9861
9462
2541
8221
2736
226
4262
3031
4522
2065
9486
1360
2134
880
7678
1746
260
6408
140
6552
8873
6125
6919
9529
9343
3881
9624
2486
1943
7017
7227
1120
6310
7857
71
1810
2814
3186
4924
4099
705
4276
3828
706
8153
6213
1995
9268
2440
5672
4042
5785
9964
7553
7141
9944
9252
7214
9459
7870
3317
2389
8655
7218
3195
2472
1961
4654
7670
4081
7816
9540
8115
2689
5474
6608
6356
8260
2195
527
6793
5340
5919
9635
3832
8735
9421
6656
176
1434
7598
9834
9919
7110
7290
6898
9280
3680
7714
9079
5458
4400
738
9446
8763
9185
7032
6523
398
3684
5124
2015
8429
8986
9796
6022
7738
3039
5505
697
4250
8333
8746
9991
3889
9355
8050
1517
9588
1945
6346
256
7365
3403
434
9594
749
8501
6835
6920
2799
322
1652
1487
5069
8323
1794
5079
4689
9324
4069
7099
9842
643
1926
8398
3524
5335
6428
5506
2840
7948
9100
46
1176
221
8969
6825
9715
4513
7961
8160
2968
5677
5821
7851
3670
8653
1359
3510
5541
33
8799
4749
6127
5000
6178
1956
7222
9202
4024
363
112
8582
578
9525
5683
8448
2633
7459
9242
9416
1018
2144
8057
7025
801
2554
313
7759
5610
1024
1259
6448
8996
9168
8733
5409
2900
488
4232
369
939
1015
5752
7387
1592
5444
9325
2628
1123
8017
6447
2306
7105
857
7028
177
4372
4968
9910
2591
3337
933
3533
7478
1790
4747
407
7006
5281
410
6262
4577
3549
9521
1647
6772
5530
1293
1939
7367
8472
7100
5588
3352
4975
783
1128
606
3630
9384
1845
7654
5573
3295
295
6791
7895
1141
9015
8329
7734
34
745
5968
6821
8343
4117
8141
8000
6992
1180
4695
7648
5718
2609
1953
2582
4518
6114
3787
6196
4798
8375
7916
4575
5755
2746
2019
4816
7960
9957
1573
1409
8275
2182
7657
4415
6621
9954
1097
7909
8033
4298
9453
8682
7343
779
6981
7086
7780
8195
4760
8818
5712
7069
5073
3845
2629
4946
7119
917
1391
3634
4840
7410
9961
4071
930
7196
5927
9890
7077
3910
4573
4532
5723
9845
6701
2673
9206
2128
7892
2024
3764
7563
9514
10
2670
6891
8539
3773
1105
8993
6922
637
1615
5666
1031
1853
6256
2873
3783
6874
70
4222
380
7845
2344
2571
9160
1039
123
7421
1265
1625
7596
6880
984
4090
4225
449
7933
6255
882
5770
9057
4352
7805
885
9639
8851
8608
2244
1634
4334
6489
8694
4393
3062
5916
4753
4127
7510
5684
484
5816
5056
7562
1155
8781
7809
7068
3067
6596
30
5576
5858
3577
3781
9573
6230
4792
9899
2105
8914
2967
8309
1780
7317
4801
8268
9123
435
3742
7313
2046
2005
6867
3196
9898
2469
9790
6167
9025
261
1450
3998
9282
2601
4034
5289
6707
7659
615
9549
2876
1023
1824
1946
1557
5114
3022
5061
6076
9634
7121
222
2451
228
1311
2353
5102
894
5389
3996
764
5972
7590
5940
390
883
679
5851
1802
5686
7303
9620
8161
3932
5879
3892
9210
5876
3805
585
785
7445
3617
5998
