371
1020
427
760
1574
1072
879
177
1523
1266
228
1270
1101
702
1542
138
807
1310
94
60
489
470
454
181
618
1729
1187
1247
1666
1791
1550
29
1716
687
1712
197
736
204
505
1345
240
309
580
649
567
106
1042
1010
115
1073
92
1586
389
107
1118
588
949
899
1258
1814
463
1912
1423
1048
167
1825
1483
1629
1568
247
1777
1176
790
874
954
1228
851
47
1551
4
402
1853
876
1124
563
438
10
1173
420
566
1835
780
243
498
1510
675
936
85
404
540
1624
450
391
277
1248
1691
1170
257
915
1739
1914
522
1085
339
1562
1003
129
114
260
1908
662
1372
1209
878
999
1191
132
1840
1279
131
1910
1600
826
785
1396
1127
355
926
871
26
1244
397
1358
1181
1892
1750
214
1233
885
236
858
413
811
468
143
834
1064
1747
576
756
1416
524
932
364
1227
1192
1001
751
796
123
1763
1655
1565
1100
1606
854
366
1009
1394
39
408
1323
1458
467
1338
678
1540
1058
292
1267
251
187
897
218
76
146
1653
126
710
184
222
1047
1302
663
905
679
1796
713
987
61
151
1642
1154
1146
856
395
1214
1426
1155
313
1775
149
75
1854
1620
382
1644
725
1306
1347
1893
700
90
731
1815
1052
1803
98
185
542
1443
1091
572
726
800
764
552
509
935
268
1427
1454
1412
137
840
1742
1104
1113
1615
43
1651
1138
378
531
1422
501
1403
1469
1609
439
400
298
280
1180
42
895
443
1823
636
1140
273
19
480
1377
483
948
457
1383
224
156
341
1884
916
817
1525
1501
1621
549
1496
1132
1862
516
1263
230
1585
767
86
814
435
193
904
426
1083
1098
615
1159
786
941
63
1573
1318
1782
491
102
1243
539
265
1389
991
755
118
562
79
1802
889
173
828
1158
1677
356
1373
1007
1848
701
1296
407
680
91
350
781
1755
0
943
1269
1229
1326
1820
209
739
684
754
642
523
1481
379
1308
1197
158
444
1767
645
526
1016
1424
1162
1741
1322
388
1236
1149
1328
1406
283
27
595
723
256
529
771
1200
1222
848
176
633
325
1088
1891
1142
411
1018
1284
274
1025
1220
1343
541
1344
810
1011
1033
361
415
1196
1093
809
611
1881
799
929
1235
318
1340
140
1
779
600
792
1365
1545
1533
1640
719
232
1067
1376
1780
1378
1040
1410
289
1607
220
1703
1400
1334
1087
1567
769
629
410
1718
1757
216
676
453
1515
1899
1405
982
1256
145
955
1821
847
1698
711
557
1470
1219
601
475
1898
57
845
732
104
328
208
1156
707
1536
544
466
1291
484
1289
1204
462
750
749
1144
1786
1819
761
1590
1122
1207
1708
813
984
202
1869
1625
1645
990
1272
1137
459
312
302
1688
1099
175
995
1418
365
1589
850
1639
357
1513
248
1697
821
1079
1335
1779
1669
461
431
226
1845
1019
1139
1281
64
1459
1557
658
1576
1701
233
507
1827
912
36
1850
1602
174
1234
681
1737
758
1168
1388
1367
1807
323
1062
299
1201
223
532
1489
172
660
179
1034
1858
1226
888
729
421
1704
569
748
728
715
896
1672
980
1818
1781
1566
960
1177
1582
706
1437
1414
1746
1817
1249
54
1885
304
386
727
1095
1564
1262
1150
1175
1488
1842
109
1788
353
1106
512
1215
1460
348
294
1679
416
890
1213
1275
432
1325
157
1871
270
1049
1206
1015
1432
1863
56
1828
832
1152
1731
1110
358
1080
122
1726
1478
497
108
1131
620
159
555
1798
1147
528
1521
1299
959
163
1861
1678
908
634
716
362
1538
843
937
1581
430
942
652
992
508
546
1508
1507
981
881
1793
1056
373
1404
96
1362
384
887
927
308
458
1059
1717
1613
537
1605
7
78
1387
768
933
1843
487
188
737
1686
1245
215
1752
307
1301
303
1727
1397
1484
1078
452
1415
34
836
183
925
111
1748
1623
864
272
1834
152
200
147
822
1332
965
1527
225
1160
774
321
1151
1408
1699
1466
434
619
757
1778
632
893
1760
667
1855
1724
819
1495
53
1681
130
1375
608
1225
1237
1841
186
689
533
500
812
82
180
1762
1382
1298
1909
311
623
221
342
1504
1370
1295
244
903
1036
199
15
930
1738
1730
338
1319
824
1057
422
1430
511
490
1554
1448
581
907
50
1268
1082
1905
1696
928
917
956
952
773
1060
1663
1004
310
1768
1502
1728
275
1772
1257
69
514
589
425
573
818
1128
499
326
1385
1800
380
624
827
1477
121
571
803
1457
964
1314
1601
957
1455
196
550
58
1754
1634
1856
1801
9
1534
1002
1212
1077
12
119
1587
1662
1379
1849
1628
1556
1293
640
1673
317
805
1043
440
1069
1769
1873
1570
1831
911
93
815
1844
738
1537
998
898
829
399
1452
1894
643
661
246
134
996
575
1770
1745
23
1690
144
502
113
724
496
558
1611
1169
1608
1090
1569
1013
1114
449
1398
1309
1307
148
538
782
1395
428
1594
1074
1190
882
1450
1280
213
1776
1816
835
1221
1851
169
972
154
1580
585
1612
1665
52
1638
765
861
1198
1429
1021
1014
1636
383
1250
802
979
1305
919
833
343
1583
1900
263
1461
48
324
1439
1179
1357
279
868
1346
586
1913
1784
1055
820
1635
1184
1879
1130
18
261
1618
1084
1251
1401
1491
1028
795
1876
1273
20
1360
966
1094
1888
1441
1133
1261
863
1482
1832
331
1462
77
219
120
66
1721
73
1598
1897
603
577
913
1707
347
1633
918
1402
841
1649
1161
1668
591
201
1092
481
1217
1901
406
1722
1447
1075
1480
409
920
327
536
556
590
1783
62
1648
1125
1838
639
606
306
1674
983
1409
545
1290
329
97
1330
1764
1509
259
316
1369
648
1805
747
423
70
787
352
1285
909
1694
1506
32
880
1733
1822
1435
385
1836
1068
630
967
1695
924
1714
235
614
142
1756
535
44
1610
1799
258
506
287
604
1661
1255
1787
1880
1045
717
570
372
852
1627
1350
1205
1172
1560
1061
40
486
65
1012
695
229
1141
579
697
1719
171
437
494
37
1723
1654
337
141
1186
1134
38
877
1675
1348
493
1371
100
1178
1054
418
345
1500
1599
234
1561
1584
685
1044
264
559
1859
986
1518
1548
808
1005
238
1436
150
720
975
390
291
330
1304
627
766
1241
460
922
1240
654
525
1872
101
1736
1824
1336
1356
1294
1353
1643
778
1468
1392
551
1579
1143
1476
637
869
607
1528
1086
1700
217
1887
1407
857
733
973
237
1555
334
1023
777
1810
825
1030
763
902
160
1433
377
1864
1259
742
1121
278
1364
1813
1539
906
1148
1710
441
451
455
1660
370
1103
745
718
1808
963
1559
1877
387
838
166
976
1449
1774
593
285
296
1105
51
793
482
1324
1670
1342
592
789
11
673
621
1320
393
46
962
1361
1575
127
950
1475
798
128
1185
664
207
1303
1157
473
271
1889
974
105
1684
740
25
1271
1431
1126
1546
846
1839
1911
1647
945
1120
993
1847
735
665
714
1809
30
99
35
95
205
770
239
1591
1705
210
1315
476
691
1276
1505
873
647
517
1351
988
504
1882
1474
503
1578
1024
1253
1029
1765
124
1907
55
741
363
1442
474
446
1667
682
89
806
1833
249
518
1519
1664
1413
351
1487
332
696
1619
305
398
1278
1339
1866
804
940
1380
211
934
403
521
617
849
578
1915
359
656
1434
3
41
1451
1393
1031
1096
910
989
335
478
721
690
1182
1109
1327
1626
1549
1511
1264
456
266
842
191
1520
844
381
527
944
1329
1420
84
192
587
971
8
1646
1022
900
985
346
1516
368
610
68
300
1883
1617
816
1252
340
655
433
295
1006
1312
839
977
212
1039
776
997
1790
1026
1129
1027
1906
1183
830
242
953
320
1751
947
412
155
1514
133
1622
1317
520
419
1189
1740
469
1789
1725
1512
1530
1792
668
1399
1453
638
938
189
1363
1066
886
281
1135
1687
401
831
958
602
194
564
1421
1711
1631
1535
1171
1490
1166
1524
22
1852
1811
477
376
625
417
465
1830
686
584
1771
561
1692
628
1558
282
1735
626
1593
1794
1108
644
694
354
1749
336
1300
1076
1071
1543
1456
1065
1167
1759
116
704
1685
448
1875
616
1337
1051
596
1153
669
414
1596
1440
195
110
1359
515
865
1136
1000
182
730
1743
269
671
657
206
1547
1485
1046
1758
784
1680
1386
1050
1218
1238
276
699
1683
59
5
74
1444
1479
823
81
1656
951
1522
688
1632
712
867
914
319
1292
178
1188
1333
1641
67
1689
1572
1795
1464
866
1316
1119
231
405
1467
1761
1637
392
1517
1571
1531
641
33
1473
1826
135
994
1384
447
1734
464
24
1174
301
862
284
1037
1895
609
1035
565
71
970
743
1857
49
1352
1224
599
946
510
1038
1390
1208
753
1117
87
198
519
759
1438
872
875
1381
1603
190
495
1446
250
1846
488
1812
775
1472
1671
1773
1526
290
255
485
923
396
708
369
1544
245
1349
1254
961
666
892
31
28
752
293
1541
1202
45
1732
1676
1592
1123
1313
613
1744
1657
136
1053
1630
297
698
860
1865
14
1287
513
333
1283
534
1878
1239
693
969
683
709
1297
1230
139
286
631
1111
254
153
1411
322
1860
859
968
1366
1713
227
241
1163
1785
1032
1471
692
1354
554
1682
1797
1804
1896
1417
1445
165
884
125
574
112
1321
1331
315
1274
170
870
80
429
734
1008
1223
1242
1081
471
442
1715
553
1164
314
1097
772
788
1089
1195
594
1115
360
1194
853
883
1494
1391
797
1837
267
1216
1145
791
83
855
21
547
650
1709
794
1577
1282
1265
568
1498
1766
1465
1529
374
1165
1867
530
1260
653
1604
1616
262
1588
582
605
801
646
1552
375
901
445
1425
1486
1597
1017
1063
349
1116
1311
1211
597
1193
1902
1041
1720
1652
837
1368
612
1532
1904
677
659
921
472
543
479
1492
288
1614
1658
1595
168
1702
1341
931
1428
117
978
672
1886
670
548
783
162
1288
6
394
164
253
161
1650
1493
1563
1553
1070
203
705
1693
1419
674
1874
1232
367
1210
16
762
72
1903
939
1870
1463
344
252
436
1277
744
2
1499
492
1355
1203
88
1286
17
722
1374
1503
1497
894
1706
1868
1753
1102
1107
635
103
703
891
1246
1659
424
746
560
1890
13
1112
1231
651
1199
622
598
583
1806
1829
