417
8878
4690
6861
6197
9532
8822
8283
4220
7265
4192
908
6406
7449
9262
9814
5861
1459
7599
4181
1725
5803
9114
2432
2668
8906
2973
7104
5467
4161
4472
9196
8308
4260
3114
2193
7503
8177
6052
5024
528
5474
2741
2779
7893
5461
6949
8053
1452
2138
9058
1323
2773
985
703
6243
4266
3815
3184
433
725
6419
6920
2017
4027
1867
2442
8702
7474
8463
586
531
3271
8811
2845
6013
4002
6628
582
8659
9399
2869
6391
3078
5236
4100
6700
1611
5221
7605
8958
7057
6734
8738
2535
6721
145
2674
8060
9771
9712
5576
8706
2892
927
1271
4812
8595
329
185
8237
6571
5104
2153
4450
2149
1508
4056
6682
4785
8913
7441
869
6407
5147
8744
6318
9819
5731
6163
2005
2764
721
482
4219
7880
2667
1228
6244
1891
1783
5788
4000
8250
970
4139
6306
4941
7446
9221
1759
3779
4010
9321
8509
1393
5368
3281
3809
7802
4019
4339
2677
3012
9375
5311
1008
9143
3404
4488
7220
9593
6202
5152
4971
1913
3938
5028
4018
5702
404
7844
3990
5432
2784
4017
3222
5547
8306
8411
1007
5126
8924
3941
5584
8097
4082
3017
8821
5945
6361
291
1195
6041
9324
3391
3759
6399
7591
6105
4786
6390
9790
7420
9661
7464
7945
575
968
2522
2433
8071
5274
3052
8990
6514
2372
6008
7520
8931
5332
4773
3610
6150
646
2315
3139
7697
7233
6537
2214
1244
5517
7842
2753
3347
6602
9201
3456
5877
8707
3191
108
1437
8826
1506
3537
3580
9016
5832
9797
7448
1858
2418
8157
1257
7188
2453
5927
2027
6583
8604
5938
6965
8285
5959
1500
2577
1542
8385
3357
4243
3753
2341
9934
7851
4739
4981
1603
8501
9733
3499
5006
7294
5505
8603
8785
5823
8273
9603
5996
3925
9432
6443
7258
6157
4438
3546
1464
8433
3622
1567
4782
3133
1782
3175
5105
6488
4662
2031
6947
147
43
7377
7606
2016
5135
7527
4378
4797
3915
6297
3747
5336
4294
5261
4043
9085
7016
645
7829
6381
8241
2169
2219
6593
8851
5001
7495
9009
98
2691
7650
2417
7868
8386
4986
5329
1314
2003
3203
5526
9702
5854
7029
580
5123
8091
4979
9281
8256
7316
1304
3773
248
4731
4914
2000
1173
6476
7159
2655
4854
6397
7786
7536
3912
624
919
3649
5199
4125
9689
7452
3021
9600
9794
8757
3437
5995
1847
7192
4906
7485
2227
6462
1278
9614
7227
691
3734
9178
9183
2533
9780
730
80
3230
5069
9555
5645
9519
5310
7432
7758
9595
7116
5019
3356
1761
6923
5675
8993
4921
1547
8594
8367
3585
4595
8780
7894
5414
4227
7140
5305
1654
2515
7370
5043
3628
4174
6343
3099
1063
1258
9680
7762
3370
9557
1762
9764
1930
5260
2687
9393
1883
3895
5797
2500
2759
1299
9032
4524
2564
800
492
6330
3820
5379
1293
3416
5501
1149
7895
366
4446
9777
2435
8300
9984
3931
1364
1519
7944
6154
3335
3324
24
9284
9171
9529
7553
6730
2684
8695
4775
293
7450
2560
7850
9853
6143
5965
6889
3631
4701
1830
4939
8755
1175
4447
6115
3814
2982
447
2120
7865
1248
7198
3982
6010
7757
3592
2145
9452
8964
2623
3527
3880
3909
4538
3620
335
9849
3366
6739
4863
8379
3633
453
274
8416
3457
1012
6450
3333
6855
889
5580
8935
5439
5482
9343
3462
740
2723
3039
8235
9508
1404
1552
101
4422
5565
1638
6933
8513
4005
5897
5661
6740
7317
585
6904
7319
3432
7092
5099
3963
999
4071
5338
346
9644
9641
9843
4407
4749
630
8786
5287
6360
7138
8743
3574
5979
672
2320
1360
7787
8845
7237
3011
5900
9700
6842
9990
163
683
2711
5380
5771
3240
9587
2812
8747
2401
2047
7026
3548
3646
8120
8869
6133
1050
9902
783
8443
901
8485
2125
7156
244
4042
9837
9294
9070
4998
5409
5813
3789
8874
2964
1101
6941
4391
9915
1123
3161
3846
9927
3164
5164
6718
4530
296
9057
4226
8977
4263
5349
8301
1707
4578
7565
3811
3091
69
9491
262
1021
2009
7656
4575
5208
4661
5649
3104
1057
7291
5836
6886
3036
7699
8639
7324
9725
4201
1406
6095
4491
8962
4871
2583
3182
2620
5249
7429
8560
3361
144
4045
9656
2517
3663
2778
5462
3733
2671
5976
4772
8981
2820
1103
1401
6291
8950
5425
7733
357
861
1349
5835
6951
3884
4313
8647
9991
761
671
5094
3087
2281
3340
7974
6839
5909
7529
9211
2657
2696
2242
7155
7095
8162
1874
493
7771
5830
8280
7062
5713
9518
8307
5967
5426
929
8934
3930
2082
5355
1594
2483
4436
8978
4576
8101
2534
4656
3216
7588
4660
5039
5962
872
457
8812
1884
8583
206
8972
5727
2382
8236
8843
2553
9541
6856
6704
5969
6083
865
3146
6717
8489
8072
4096
1736
9405
3654
434
7795
6251
9804
3235
9798
7349
856
7740
6805
4648
3724
3197
8346
6986
2834
5703
2348
437
8287
9353
9653
8546
220
106
7672
6465
7048
3852
1064
401
2154
7828
8661
1155
7631
759
1831
6337
1972
8896
3554
6555
9654
2289
3803
4191
6171
6491
8617
8623
7928
9964
4867
2201
9490
7283
4269
2457
1877
3031
6114
2795
2596
6848
3978
5255
7268
3696
3415
1945
6363
489
818
3775
1899
2085
1284
7172
8364
8178
6186
5258
1784
5928
2335
8188
2912
5798
1829
9719
6464
2857
4781
9159
9226
4007
2875
4942
4003
6660
5295
1133
3763
95
8313
523
5155
219
7664
6273
9514
6864
6231
4540
8834
4740
6257
240
299
9300
2736
4424
409
9845
9707
8598
3881
3778
2159
5356
3533
782
5259
6905
2725
785
8376
9649
7096
638
831
2700
8415
424
3567
887
1526
2662
1520
7047
1397
7071
1614
738
8378
5738
826
2199
6320
2277
594
1969
6712
1999
8381
4738
4935
965
795
6638
9210
5844
6396
3848
4718
6235
9618
9119
2543
3541
2637
4684
9877
5111
6250
6426
9397
8119
7587
6689
6242
4636
4586
3855
8079
6913
3238
3523
5357
2115
5299
9619
4276
9298
7266
5786
174
6902
9309
7708
1739
5884
8070
5508
4365
1531
9213
9633
5434
3795
7365
7962
5870
4712
9967
844
7717
4144
2278
1992
3352
8693
6971
7560
6630
435
6452
7533
9623
6019
3840
778
3354
4188
6037
5302
429
4632
5880
7946
994
8040
2006
2715
4658
2336
2213
3500
5195
6411
4852
8723
502
266
1429
7558
8322
297
2865
7872
9768
6124
1687
4743
7150
821
8918
8168
2444
2305
8908
9470
4202
4802
6639
1151
405
3558
4614
5614
4899
7763
1238
2760
388
8005
9666
1651
5010
1389
967
9825
6697
7184
7325
3947
228
1213
5629
897
597
2449
6504
2512
828
5054
3426
5066
6120
1633
3172
6686
9606
4508
5907
5711
574
601
4092
7855
2570
3383
505
1796
27
3965
7542
6715
4395
4635
9154
5616
5162
1846
9745
8409
5993
4569
6281
1949
9352
5470
6588
6296
2597
5278
2830
6371
7652
5402
306
6756
3575
6129
8104
9246
5540
2317
2910
2002
4857
2840
1351
5110
3555
9305
5060
8498
8968
9994
6057
3508
1416
5718
1010
9195
1317
8380
7244
7479
7723
953
8716
7205
9478
4470
8895
9102
6816
1792
2603
4153
6122
8210
3475
5503
1025
9329
9051
2420
7906
4453
923
8176
8728
6132
1813
2313
5688
9429
3382
9093
6634
3264
1159
3251
9937
7744
8850
7190
2873
7687
2094
5088
302
8713
3418
2119
30
8362
166
9286
6547
5485
36
8989
7769
7886
364
2792
9955
8112
2881
3170
1946
6751
5290
6238
2148
1983
5124
182
8479
2208
3922
6055
7809
3473
4915
8760
6063
3151
3496
2856
6448
5958
7278
9803
9440
3940
3477
6667
5401
8820
9568
6984
5857
1346
2883
3569
705
6577
8057
8353
5005
2569
7293
6495
1313
9500
2894
9359
4138
7929
2249
1368
281
9434
9494
2355
5387
886
1048
1735
8006
4753
7333
6486
343
4949
1423
449
2064
5672
2959
3421
5777
8570
249
6980
5624
8338
3488
35
2477
2889
317
4177
1502
4973
4925
6777
710
1836
532
9207
688
476
9076
847
8986
1412
1890
5925
5671
8853
3064
9726
2098
6527
1003
9069
3744
5538
7747
2978
3550
9874
7727
122
7746
750
8167
1352
4916
8827
864
1788
5826
9365
8746
5801
5350
1381
1312
9992
4693
7382
7019
8056
1515
4024
3901
466
3022
2994
1128
4102
9339
2701
8602
3607
2714
5173
7988
2541
8170
9670
3760
9861
1309
8767
3854
1548
4596
518
7078
1495
7456
8014
1536
5642
4203
9615
3373
5866
754
5670
2907
1113
8038
6319
972
6213
8996
4307
7574
5744
684
7407
5297
8460
1469
1574
7232
4299
5117
2974
7935
1984
9631
9998
190
6835
56
5687
8526
7889
4856
7759
5348
4873
191
3713
7372
7621
3547
7194
6269
387
6220
8951
718
5930
339
9673
626
5233
4213
8829
124
9316
9782
7023
6665
3168
5903
6650
2165
4047
2025
2218
6722
6652
6987
8860
1514
5121
5246
3305
230
7453
3634
2633
1294
4645
3115
5904
3515
8084
7386
2462
4861
931
6809
510
1093
3929
2332
112
6884
1102
4702
59
8674
6279
1834
553
458
1468
38
8608
7276
8799
5184
5894
2234
8748
6817
1562
495
3495
8480
9348
1990
3016
7468
9312
115
2059
3018
5587
9716
2899
4651
7714
1267
9958
272
9082
1300
4029
5172
4859
9444
8391
1142
7735
1379
3047
1810
7925
4890
318
2503
7780
3718
3257
8082
1199
9551
9507
1400
170
7334
8727
5882
868
6069
7794
2160
9360
3786
8418
4022
4804
3672
235
5701
7
8880
8257
5591
7715
1772
1414
3252
9863
7742
113
8298
9951
4064
5013
9907
5593
4126
4476
5318
4655
1564
3673
3981
4009
4036
1569
3451
7598
7308
3224
8664
4667
4477
1718
2306
2897
3602
3331
5229
1
6551
7392
660
9003
4320
2789
5084
775
7813
1474
5799
8456
9664
3245
5103
1419
3201
3535
4462
4833
5286
1265
6461
5796
370
1363
8475
4510
9594
2895
143
320
1136
1755
9340
171
74
3350
5939
2708
7396
1973
3512
6453
835
5235
2135
1066
1744
7908
562
5068
6696
94
5015
633
1382
8042
9002
337
689
7640
21
3991
6385
6167
485
6834
2537
3768
7383
6190
7609
5128
4650
3397
1150
1625
8886
5411
4912
6471
5544
878
4736
4609
3953
8696
6564
4703
5577
5366
1804
4148
7135
8242
551
9219
7754
5367
282
1392
6208
3277
9795
160
739
5559
6164
8211
604
9417
5052
7122
454
5872
7514
7296
7245
8395
798
1499
1448
2041
6517
4755
2777
3666
8218
9402
6141
9475
5064
7825
3834
218
8225
2446
1871
4223
3024
252
8687
1751
3149
1875
9977
1662
2128
9841
1962
6029
9245
6229
9034
4677
1297
4489
5680
9709
4705
1246
1854
4866
7344
4669
8371
1019
9188
9468
2008
6144
943
4452
2144
7549
4807
8542
3213
5647
707
2495
3258
8390
2414
7089
1591
2239
9737
1075
8354
8940
7745
6265
6472
7958
2832
917
8266
7832
3502
7848
3668
1989
1797
2571
8789
6127
7741
1518
1370
1845
5824
5947
2285
5021
8114
1471
8884
9546
6617
9608
5542
1726
416
8369
6544
9563
3570
9698
5735
862
909
8898
3797
8927
6794
3189
4770
4041
990
1061
4460
5625
771
8578
7191
550
8844
3402
888
2936
3776
8979
7307
7963
7539
5569
1208
1743
757
4052
745
6209
6475
1737
6076
9186
6118
2360
3345
3326
3159
1410
8673
3090
1345
9354
2768
4131
2619
4247
3183
8368
3173
8512
9347
396
8902
6750
6270
1044
7414
6305
3619
9280
7625
3553
3802
9052
9550
6187
9744
685
2526
7756
3743
9412
5631
4166
9424
8049
7917
9029
5751
4734
6276
9480
6068
2426
3434
8577
9100
1443
641
4707
8492
1968
2018
629
7938
581
4427
5453
5531
2175
8654
5733
4570
9289
7578
229
9696
58
3367
3062
2646
729
7581
2647
2828
4519
1009
918
1918
4415
5456
6706
6924
1677
8612
1644
6745
533
6111
5934
5681
8569
8431
9075
7815
342
642
2352
7552
6302
2105
8662
3519
5224
7985
1295
3683
9499
5171
1952
3063
8553
6896
1510
2580
3829
4640
7362
8690
4777
2046
2014
2020
7597
7035
812
3254
6991
8180
9137
6131
4445
5282
6990
3517
9850
2210
9191
3823
5405
4825
7544
9251
3571
1336
5328
4976
989
2703
2243
1305
6020
4245
1470
3485
2584
8592
4225
5067
7243
331
5696
3637
7471
8311
5266
6993
2276
2573
8094
3772
3355
1683
8770
6831
6350
7561
3353
2799
1011
7037
5275
4214
9327
3970
398
5442
9302
5002
5766
2961
7160
6323
2885
4803
4637
4522
5092
4926
3684
6275
1592
764
2738
3613
7858
4411
6327
4587
5148
1903
9922
7091
5447
9753
4262
1032
2257
2937
6793
3536
5185
2316
8264
2604
270
516
9705
3598
8305
5046
3322
4751
2888
7097
8753
9776
1194
519
6612
5561
8815
2650
720
7005
1301
5217
2954
3088
2380
4767
7067
5528
1848
2124
3694
9916
9118
9636
1146
5370
223
3615
9181
8626
4179
9943
949
2528
4256
9919
3422
7378
3429
1790
7738
5252
46
9165
7149
323
7144
2034
9734
6113
5620
9818
3310
1430
7973
7313
227
2427
3790
7943
2222
9829
7203
9904
2622
6079
8776
6915
1921
7866
1166
3273
2520
5150
7161
935
9307
6040
4479
7107
4720
6137
1738
3330
7345
3260
9388
1612
6804
2168
5682
8461
838
9652
4349
7039
4853
1190
6038
9505
1231
2275
1619
7235
6109
3998
37
8921
5192
4809
1768
4280
711
7201
4194
5634
687
2848
1107
9177
9929
5157
6378
7879
1923
3412
5970
7490
8575
5893
9131
3506
440
7647
286
8740
9116
7286
1318
7807
2403
3107
8970
6230
596
88
6927
6787
7662
9685
576
5428
7375
9414
9542
9945
5769
8668
7208
8410
5712
1835
3687
4819
9276
3798
9303
8278
2146
3732
2863
5548
9881
2521
6224
2806
9430
579
7845
6155
1634
3405
8205
2752
6493
3440
2578
5004
4133
3034
3292
6139
9721
8649
9854
9418
9883
1760
9668
6694
7607
1764
9570
3408
891
8591
8229
4764
2404
4113
8949
5582
3850
5987
7076
6228
6298
2818
5704
4496
9851
8597
1816
7254
1656
4634
7366
211
7856
5648
8781
9862
7827
3165
45
2933
2079
9828
9635
9605
3014
6799
4105
1661
2215
9374
9669
6744
8838
1070
5963
443
9240
4504
5375
819
8219
9050
86
7137
3158
3187
2669
6034
8335
4015
8406
459
9995
5419
3934
7524
5207
8269
6529
1582
2861
742
1135
1097
3556
2102
4142
6881
146
5533
4931
9796
9398
7481
5407
4067
5270
8457
4968
7817
3781
8117
7015
9166
4972
9027
3886
7679
8500
2785
9856
5036
8239
6074
55
8333
3008
4948
769
8599
2918
4184
5694
8054
1863
4514
620
1914
3202
1073
5901
6690
7488
9783
536
1889
1857
7223
3401
194
3957
9259
9886
4160
7816
8620
6509
1359
273
8468
1828
1496
1581
6673
9008
9325
499
1895
9630
8992
2635
5241
2371
7326
239
2461
2926
5216
8035
4793
2617
4940
6578
4069
2876
4874
3670
2939
3185
8126
469
1511
3453
2133
7585
9006
2475
7937
8533
860
7760
2022
5881
2843
8496
2975
3955
2607
7105
796
4831
132
303
2063
6964
4518
3698
975
749
2716
1814
3968
3181
2
1698
1415
3756
8478
9193
2882
9386
3338
4980
5807
4457
8439
2044
5080
4894
8356
4008
3521
9808
2155
6970
7359
8629
4449
8567
6960
2384
2767
2762
4668
7298
7176
1852
9677
391
6283
3198
9270
4158
3851
8627
61
450
659
8524
1749
6454
2559
5457
6178
3041
537
5238
1188
7722
8657
4657
4081
6002
9855
7087
3603
4821
6930
8516
5403
1399
2060
7577
3816
4066
2548
20
5611
5239
7234
7782
3623
8925
8761
33
9846
2071
7090
2805
5493
4006
1740
3329
9586
8141
7328
8077
2204
6849
5440
9813
8263
8852
6445
2609
6860
1663
1824
6727
1096
6753
6326
3303
4078
4375
2258
216
3721
4528
4190
6317
330
3470
9037
2236
8586
7106
8387
2631
634
2126
4464
6613
5017
7525
3701
287
2490
5193
4732
3234
9913
350
5812
3995
7913
2686
8383
4011
4842
3921
8548
1493
9065
3215
6410
7603
5991
8551
9749
9026
2679
7902
6487
3918
3020
5913
5047
1565
3155
6843
7028
2874
6533
1189
8736
82
4342
3578
939
9223
6049
6282
5296
591
1432
2443
406
5291
8458
6459
3796
8184
9448
119
4330
5568
7280
3937
2402
9134
4037
5364
9064
8741
5560
5567
1108
5337
2930
9297
5986
153
4297
5739
8833
5500
9422
7694
1748
3023
8712
39
137
1477
7665
7133
4820
1544
5499
1637
4808
2261
5745
4913
7595
1599
1673
8469
9667
2057
5656
4975
1078
6103
8703
5592
4086
221
6070
3241
932
9523
595
1876
1132
7409
8863
1589
5509
6085
5378
6934
9560
9204
5840
9046
5841
5293
2958
5553
4994
9269
4420
4547
1127
3587
8960
1610
7489
922
760
7346
3497
8286
9080
9691
3244
6676
7979
3368
7670
6387
6656
9053
3639
1754
9381
3893
8393
5850
3169
1027
215
5178
7470
3835
8517
5413
1168
1095
4329
7999
4306
5189
2383
6866
184
4296
2484
5158
1069
9012
6644
7994
6868
8075
3232
2562
3675
2598
9200
2518
2132
1861
3917
3010
9559
8399
4107
8440
3914
6820
9632
4688
9005
3286
6449
359
9124
5133
5145
8124
7720
7262
5898
9128
5662
6061
258
464
8115
1691
1067
3910
7622
1270
7803
5422
6332
3818
9524
3606
4756
5187
8596
6480
2035
3653
5860
1803
4583
3167
8887
4221
7806
8189
5653
7052
5061
3089
4353
2763
8768
2555
280
9433
5748
7846
7676
8580
7371
3682
8792
8678
5543
8454
2944
7667
5492
9574
808
3487
9473
6422
5668
1563
9326
995
9314
2911
1900
6857
2400
5596
9965
7643
1054
5177
7783
5534
1849
6532
910
3070
7646
2422
7629
3651
3141
5842
496
6408
8837
6239
7368
4649
7753
5323
4956
3138
7204
4251
6372
4682
2099
2463
3154
3503
677
4176
969
9419
1841
7732
3406
6626
7350
5719
5371
3129
692
1660
9231
4577
9190
5827
6414
1524
5016
2340
5400
2771
2108
9400
8497
858
9035
4366
1358
7719
2272
8999
7272
7571
4054
4199
8742
588
2187
2593
9453
3859
2101
3436
4851
1675
3966
301
843
693
9121
3042
1708
4598
8681
2231
625
4124
2545
719
5601
4119
1922
6579
3608
5045
1588
840
5361
4832
3757
8862
53
936
8261
7870
8357
4433
7569
4995
7287
6591
8739
797
4937
8505
6765
6535
52
2801
6290
5315
7423
9144
6728
3504
3156
7061
6865
1253
3762
2087
5312
9566
5056
9544
3135
6926
979
2878
4336
3414
1793
8422
6585
8372
4927
8585
2298
9901
977
18
4950
751
1789
5198
3532
2666
5867
8048
8715
6299
6850
8634
2107
7600
3256
3166
6726
7084
3988
3728
7824
4401
7584
9376
3819
9379
6767
5205
9304
2166
7059
209
6580
982
6384
351
5053
3712
2309
2325
735
2925
9320
8093
1868
8763
845
2837
5214
2513
9857
1770
5008
1887
9288
2588
9033
3627
572
1950
6733
8997
1058
3832
8389
1139
8483
632
7698
3351
1476
1916
165
3001
7202
4515
602
7189
6198
9530
1924
1986
6267
2184
8973
696
3136
663
9759
2602
1699
4822
3700
8447
5396
7141
4761
2690
2191
3973
6455
422
2815
9598
3480
6218
1623
1076
5765
4152
4602
384
5918
4929
722
5677
123
8083
8092
9450
9169
7036
6011
8762
1844
605
9471
2798
8253
4077
7072
11
7447
7515
149
7496
8998
2228
3950
3171
8638
3289
5424
2347
2993
1138
8004
7819
9122
26
400
1145
5604
4615
8587
3677
5273
1956
5693
51
4114
3116
1837
6747
7400
4362
6142
8139
2732
3688
4483
2019
3932
9584
7136
1878
1335
9724
1347
8164
1560
1453
5885
942
2729
3371
770
6879
848
6538
4516
256
4239
615
1444
866
8888
6909
9182
2660
3645
6051
3075
1206
500
312
2051
1296
6955
8465
7927
1745
214
9056
277
715
4698
8974
2081
471
520
2086
9380
2824
4501
907
2589
3381
2914
1015
3359
7674
503
7692
5613
9161
7519
3691
1917
9060
8965
7100
2829
6285
9279
1926
6526
809
3841
8169
8952
8637
7948
9533
4289
4084
1442
5606
8899
5120
6732
9256
9869
8272
4120
2322
73
389
7229
1094
7678
6031
5108
640
6998
1818
3026
9074
4559
4917
2040
6168
9495
5821
555
7749
1223
9285
3040
713
598
2999
5707
6683
4242
3420
8632
614
3212
8166
5848
5307
1216
3868
7677
6325
3297
3113
7706
5464
2722
2772
6883
978
7636
89
9150
7615
4681
8281
3956
7620
7774
6670
3624
8804
7892
9545
9789
4498
8772
7721
1001
6484
6192
4922
9222
2952
7304
5014
5343
926
7596
2938
5463
3045
7042
7891
2630
3448
2592
1420
1613
3652
921
3272
2902
2438
3315
5223
6284
2884
5806
1870
2891
5160
704
6553
4118
1082
8138
6766
7482
2230
903
6009
8549
913
5215
5772
7671
8337
251
5059
344
7197
6160
5602
8616
3742
837
2267
8426
1729
5494
3051
9310
4987
8230
4982
6781
5578
2606
1639
2718
2476
3808
9953
7024
7111
4149
377
2282
8032
5062
2076
7340
3644
2586
6785
6854
1621
8012
5480
5564
7363
568
5831
2223
9097
8635
5115
6752
2140
1310
3766
3112
9333
8499
7466
5141
3262
6759
7231
4218
884
1185
1604
4088
9115
2717
6925
150
836
3501
6088
8407
3302
1307
8565
8089
5915
9344
8010
933
2314
1550
9781
8022
6182
9341
5127
7033
5149
180
4671
3693
7618
465
6680
1537
4216
5794
2903
4724
480
6339
3879
6956
6346
1291
6483
4911
4542
4673
7094
6513
8836
421
617
347
5388
4787
8113
234
8663
7981
7628
2896
1607
1668
4776
4862
8511
7494
4606
3054
3227
3715
3800
3722
7358
9357
1014
2205
7980
7993
9107
6912
5523
2872
7651
5131
2297
1957
1941
304
1655
8086
6221
6939
7838
3513
4593
7179
1287
2366
9839
4663
2987
5562
8675
4590
3269
2029
6917
3864
2137
172
6946
7099
5974
1263
2161
8890
4083
7582
9918
5281
3400
3081
6688
5773
6983
6566
5194
1041
474
1658
4379
1925
8581
1975
4600
4233
5182
6635
1600
4212
7314
7538
5408
1466
5459
1236
6294
1711
6595
4892
6322
6520
3842
9338
8336
9651
5530
4373
8152
8893
9403
2871
6184
2835
2968
395
5076
4292
9917
9408
3293
90
6567
2489
9362
5153
4380
6821
9815
3362
5417
3295
9920
2924
212
5770
5020
7700
6027
6158
7290
288
5570
2097
6014
6972
9111
6516
6769
7074
1692
4345
6764
8555
5999
4279
9697
29
6625
5895
712
993
4946
8374
4714
7977
3174
3817
1043
9842
8271
7394
6289
6524
2621
9540
1666
9313
7546
1530
7725
1910
7060
4588
8859
4187
1219
2448
7660
5581
3471
8648
9914
8220
1894
6943
799
3486
7269
7185
9812
3509
6950
2786
3283
3296
3617
2742
5644
6910
7384
3869
2300
2934
7153
6776
554
4748
5487
8611
8930
7303
4988
7982
6736
8059
877
1672
6025
2550
2803
8050
2616
8566
4154
559
681
2782
3186
3143
5226
9928
8290
7534
268
744
2112
2694
3581
9442
3919
5284
4094
2552
4295
5391
4028
3199
8344
5699
392
1609
1753
3004
8303
5038
587
2682
6432
9335
4711
8216
8398
1825
3702
1326
4546
408
9458
9198
199
530
5843
2337
8721
5852
4818
4363
9127
196
9258
3577
5725
1273
4700
9464
4253
7415
9101
9125
2699
8106
7343
9659
7811
9831
2440
7907
3993
1385
6200
7079
5253
6130
1117
1243
1478
3377
310
7623
121
8276
1630
6430
4127
5871
8840
207
6492
7557
1322
3103
5256
3997
9826
4467
3596
9634
5385
4885
5392
7241
6811
3568
3097
9806
5859
9573
7336
974
7213
292
311
5779
1249
7128
6853
7469
126
6059
4788
9148
4323
4319
7693
5321
7926
1727
7463
6614
651
2416
788
2649
6709
8289
3597
4741
9138
8020
3511
6206
8525
31
9334
4827
4275
5446
8783
8938
7221
4905
4314
6145
9569
1680
368
1205
2206
4505
6961
9638
175
3540
5438
701
5875
8777
4241
2245
9043
746
1787
5188
5495
5781
7451
9807
462
8527
1086
9899
3614
1919
7075
5691
2977
1641
5497
8708
3076
7736
2766
6060
2953
3288
7613
54
1819
637
4619
2567
9167
7134
444
2712
6502
6413
7768
9404
6710
1403
5787
5643
8923
6691
2065
6575
543
9104
915
5757
1798
5254
9274
7025
3444
6428
4556
743
5174
3962
1408
6713
8350
6312
1201
7867
5316
6062
5759
3806
5605
1062
7701
6191
8828
946
4960
4454
9489
3723
441
5322
4444
5289
6240
6668
5594
9024
2913
6742
7531
3709
9923
5077
8414
4840
9728
2498
6684
5091
1279
875
6825
9373
8704
9884
3285
9678
4605
4958
1605
2170
4429
6393
8453
2642
7354
6084
9257
2817
4599
2269
9763
9168
5029
4423
2761
2561
6829
2327
7012
186
3312
5033
2587
9910
208
5551
4539
8466
3027
5313
9028
6225
5982
1210
420
161
6586
1072
9821
1747
7428
930
6784
1355
9820
1053
9602
9396
8427
804
4085
9785
4828
3479
6891
7102
9063
3662
5519
2247
9301
6795
2915
1689
7124
6425
8487
9981
141
8651
8735
522
6077
2774
2540
9136
9527
6497
8450
2852
9895
5825
566
1229
5341
6456
2579
2043
956
7681
2972
2983
6474
3826
7840
6845
9588
6633
8098
3764
1181
81
8222
1965
2644
6664
102
5267
3214
3066
9662
7634
1031
8310
4370
4012
242
5763
656
2611
8676
6099
2406
9411
5984
2387
3249
3659
4169
6500
5575
4692
5078
3082
2117
9001
4013
2790
5673
8145
4923
1164
8319
2263
1226
563
4629
4408
2481
9650
7655
4554
3643
8052
1277
9247
6851
2259
5750
8823
2266
4168
1832
3375
8699
4805
4443
3058
8646
1636
1647
6763
3704
6368
4060
4654
5736
6772
2456
5768
7376
7748
5344
9242
3714
6819
1826
2955
6900
9162
3336
6479
6418
8936
6003
3132
824
4273
2831
4469
5122
4553
236
9809
2183
7041
7550
981
564
7379
4879
2250
5741
3874
7505
7248
5651
2122
4628
4110
2658
5997
9356
6140
6268
4678
6899
4768
2726
1635
700
1480
7752
8711
7217
1147
6768
1374
961
4390
6935
3176
6116
5746
4858
8814
2833
4932
8813
1955
3298
7864
5908
481
8438
1118
4591
3960
2698
2980
6622
414
2950
5600
5774
8947
9932
3206
9622
8752
7411
6162
1083
328
6737
6177
643
5306
8063
7645
9889
577
1898
8223
6117
8491
6215
7455
84
2192
5609
5044
5729
8165
2531
6890
6280
880
6354
1045
210
5973
1888
7601
1681
9068
9578
966
957
9750
3780
7353
2505
4385
6075
5427
2640
2407
494
1559
8076
7008
7604
9130
3339
2932
9263
7947
6195
9609
8718
4889
2077
4357
8558
4760
1375
5183
8373
9098
9924
1570
2212
1492
2293
9909
2634
6540
1276
7955
3883
1561
6166
951
9384
7329
321
7123
1554
3604
4350
2288
4543
6893
686
1584
22
950
9939
7093
7986
3589
8774
3317
1220
3358
7330
8182
1424
9017
5041
2368
5496
4441
6888
9616
8564
3290
3640
8007
5248
1757
9552
5599
7863
2339
3110
3588
8046
7898
7236
5522
257
193
5372
5040
3543
4521
3870
8231
6572
7393
8074
1391
4511
4346
3387
7417
4394
3559
8779
7633
7835
5598
4532
2756
5203
72
4875
548
348
7246
2070
3891
3196
5734
486
1290
4150
7032
9091
1030
4526
9993
5998
3461
4964
747
5167
8036
6563
5262
2396
1482
8328
6386
7256
3636
7776
8486
1892
3134
4529
9626
5362
7983
2648
2253
5445
6315
6774
2415
876
4032
8434
2053
7573
2996
4463
9897
9367
765
6203
5608
5051
9882
4990
612
4189
3875
202
4838
8861
8941
3611
6716
265
7971
7486
9538
7818
3754
7610
4421
4992
9549
6741
5369
7509
733
8613
8275
151
2390
1937
5665
7115
7126
5491
9959
2985
8247
3195
6134
4430
142
1405
9254
5504
6824
1302
3902
8679
6233
9155
5190
7751
6615
3927
7500
9036
9004
7961
6489
6675
3977
8259
649
7543
5129
4754
8133
2459
2015
4361
1037
3626
4157
6314
6253
1325
2927
8885
4943
4388
708
4919
6226
5805
290
5690
2466
4633
7940
1601
6783
9187
8907
4206
1987
6007
4355
479
3923
599
204
8801
2923
8062
3313
3825
4442
6307
1339
8643
9921
6534
3679
8268
8194
2576
6859
9268
8471
6159
6847
1998
8029
916
8614
3951
962
5058
5113
3904
4095
9368
7367
2464
8186
4140
920
9973
2976
2808
8568
2909
6351
7427
7637
1771
1488
1497
9580
8937
3856
7034
3145
7165
2713
7129
9950
9293
5176
7761
9292
7686
822
289
6349
896
4281
5346
9875
3445
9960
9864
8087
6015
937
6877
4824
6523
1620
3044
9892
4727
1084
1840
803
9811
8926
1960
6072
3689
2198
2299
5118
9933
9149
3812
97
2632
2816
3674
7784
7743
9010
5137
1348
3218
4814
23
5795
5845
6771
4481
2334
4344
5268
4647
4143
2819
6541
6806
6344
9581
8107
1056
2358
8824
9023
1807
2673
4886
654
1933
3788
669
3294
4887
5071
9172
6382
5628
6869
8099
6573
4618
7305
9747
1055
4480
3731
2532
6826
60
6357
7406
8871
1179
7781
8317
3282
9330
1859
8650
2794
4594
3236
5247
7467
5354
2011
7506
5454
8208
547
9625
7680
4495
8600
9833
9087
7779
3332
4182
241
2265
9645
9141
1843
7830
9997
4910
6311
5048
7688
4644
2836
2171
6963
5023
1695
2182
3716
9936
9485
5416
3253
6997
3903
852
4146
4151
9071
8213
1463
2811
5163
9291
1851
6797
7942
3111
1334
8238
4621
6173
8773
2754
3450
3872
8008
9170
5652
8472
6217
1815
6442
9522
1292
4954
5527
5222
3492
7195
1774
7949
5469
7397
4512
6901
369
2693
1211
5708
9415
4238
6559
130
3658
8348
6321
8073
6832
2174
3866
8181
1596
6545
1006
2244
5782
912
8108
9643
5621
283
5334
3030
7511
445
1197
57
766
1365
3207
801
2324
3612
8251
8179
4322
2615
472
2088
1679
9015
4121
8128
7387
680
6058
855
3730
9706
5726
1629
9319
2546
2056
1356
1897
5637
5083
3736
1489
4398
1959
275
6649
3055
1451
9282
4580
1717
5437
4597
955
4951
5035
4876
6375
1259
2935
9801
4721
9492
3924
6969
6272
2189
9658
7418
2846
9911
6212
5263
4030
9443
352
8116
3839
6303
2421
7556
4278
2652
4079
6657
9007
2286
8920
3529
2719
6313
5507
9409
9699
6274
1855
6663
6978
4459
3755
6466
1089
6341
6988
5146
1523
5490
1409
6519
365
3334
9718
367
4750
5211
4196
7404
6542
181
1455
2827
4404
4572
4434
8388
6695
948
6528
8672
7710
6345
3618
3959
6176
925
557
1994
7790
4627
6775
8061
2730
6165
3029
9944
1730
8324
8514
1512
5638
2378
6940
8618
3799
7530
8831
8066
3562
971
697
3524
834
9870
6818
7915
7218
4713
3255
6441
2653
6512
560
452
8027
592
3857
846
5196
7422
6642
1418
2111
3067
1853
4752
9746
6981
7869
841
6632
6048
8847
565
4567
1694
7098
1479
1690
1767
3793
8769
3178
4235
5985
4193
8535
6552
8360
6705
9370
7410
8123
6895
3369
4359
5663
9019
6367
1047
3791
8215
7976
152
42
2720
7484
987
8606
6073
7426
6914
6568
3152
8490
1227
2990
6862
9893
9878
2787
5213
8340
1873
8759
7583
9474
79
1099
3490
1435
7914
2158
136
4334
6975
4607
6647
1794
7612
6958
2656
8590
7491
1866
9703
1498
4250
4560
4930
7635
6310
9679
2485
546
213
1361
5288
6708
8233
4604
5098
3699
1131
8109
2424
1013
3944
2705
7403
3563
867
1670
2469
1839
2922
3365
3985
3443
5589
7252
8003
5883
8081
6530
3889
3384
3291
9061
7909
8432
4763
8067
1329
9378
6875
5180
7954
9548
1809
1377
9903
127
7158
9377
167
1756
2351
8494
3945
1357
2329
7764
4846
3549
3888
4883
3484
3642
305
41
9249
5921
3933
5156
2439
8584
3865
6409
6510
7182
8809
1578
6435
2091
7497
4631
3876
5983
3476
8033
8764
2445
5705
5168
3905
7381
694
8351
47
3552
2264
6496
3046
298
2731
2311
8726
3877
9135
32
9517
3976
7385
9640
8441
874
324
9021
4456
1303
9228
3248
6438
6592
4728
737
9140
383
3032
6170
1860
670
7969
7408
9787
6046
2504
1546
8857
9048
4642
8226
3822
4014
8187
2572
7641
9987
2254
9784
336
3300
5087
5450
1938
7259
7085
402
655
4719
5912
5471
3077
5114
2473
9099
3086
6985
6091
9020
9073
2141
4544
8988
2067
3424
3961
6685
8666
1462
7238
3837
8730
8039
5692
3299
6258
5635
506
8488
9486
4715
9738
5477
665
1714
9775
958
7253
5232
9629
6812
1426
1947
7360
6918
1995
6234
9867
1125
6152
5555
1338
4999
9255
3650
6645
6348
4878
4509
1555
1119
8173
7222
2746
4159
7154
9401
4525
8292
7285
263
728
4328
5535
1186
2781
3676
504
9732
135
945
784
538
4431
2217
1602
6498
4955
6931
9317
890
4338
2565
1233
2357
6522
7877
4389
7504
9564
4870
1171
9617
4282
8943
9332
6543
8942
1172
1154
7984
5676
959
6790
3954
2613
9561
4881
333
8267
871
380
3641
3943
8325
9337
9025
6457
4780
5240
8297
6380
4004
4945
7014
2007
4612
6846
1978
9192
1865
4791
8051
9163
3591
2992
6754
9000
556
854
8417
2455
8545
9802
4050
4384
2251
3629
9805
811
7302
4246
6081
8793
9328
3177
70
2083
7342
5585
8532
8875
6743
9613
1298
3314
5785
8805
996
3226
6677
9739
2226
451
3745
756
1966
7705
7627
6245
2036
5200
2704
1247
9942
1350
7338
2549
1098
1710
7279
2826
4545
7796
9956
1963
2295
7821
4409
4343
4746
285
2163
6036
5441
8909
2916
487
1311
6151
9423
6974
3274
1029
3393
2721
5018
6792
857
5007
7936
3144
2429
7030
5700
3896
7240
5980
6679
6469
3439
4903
5554
4737
3708
7624
1156
5478
2692
5698
8544
7064
6022
6666
4215
906
1646
5433
478
4288
8529
4877
5319
9720
7857
4608
706
5335
6929
6735
8452
2963
6356
1140
6714
9792
92
9227
3276
9460
3049
7006
3967
7063
1481
2412
4171
7421
7690
2450
8429
4952
6080
332
7332
5283
6329
2748
5304
8064
6026
134
7649
5333
2323
1982
7896
1252
9283
6611
1936
9729
9476
6828
7767
2595
7031
9710
7579
5212
4565
9105
6603
3777
4381
5658
5550
5327
6194
8217
4796
3118
7884
9628
7995
3270
1907
8562
2966
8482
2494
5978
9543
9439
2740
8323
4412
96
6107
6788
4432
7038
3038
7998
9390
3153
3398
2823
4934
1264
497
6873
9968
8299
5654
9234
984
491
7594
1650
6369
7684
4352
6248
9431
4173
8146
382
6973
4864
2946
2853
609
8436
6525
3430
2465
9272
3428
2291
2001
5383
6967
7352
9906
4826
3726
8408
3163
3861
99
3342
2024
9477
2749
2585
9113
2995
4500
5981
6840
9203
6725
3380
3378
628
7226
2765
5951
9230
8314
9599
7412
4387
5923
390
7473
7873
668
7003
673
7820
415
2326
5119
4258
3307
8284
1669
5220
2185
1255
3037
534
7312
6485
8430
9800
3460
4377
5886
7823
8201
7953
3862
4236
7289
5743
4300
1801
5075
7997
8794
7230
8609
2919
9791
3205
7778
4325
7131
4057
6982
5864
4399
5458
7586
8288
1549
8891
763
4953
5410
3986
5627
8341
3892
50
5181
4865
6590
1556
8361
540
15
6911
2492
8932
8561
1645
4646
2381
792
7069
394
5791
3738
155
3458
4557
7862
4340
3130
5863
7737
7718
8148
5363
7570
8274
8819
3056
1626
2096
5948
6028
964
44
9926
9711
3586
13
4896
2547
9748
4367
8810
177
3749
8787
4248
9663
9963
1373
2796
5276
8995
2877
6054
8196
8818
5684
5865
3969
5132
3695
507
9345
371
6352
9873
4817
6078
6511
622
4904
6402
157
3635
7476
2468
8530
8137
1628
4806
9244
154
9174
238
5723
2654
6175
7275
7055
8183
7789
3949
6561
2152
2758
7357
2618
9660
2367
5541
9838
758
9900
2280
9858
7508
3873
1842
6207
4448
6761
9832
4376
4799
9129
8504
4106
9852
5472
8477
3858
2200
5106
4847
8619
327
9299
1902
4730
8541
6813
7616
470
7920
7657
5579
3472
3284
549
6966
1198
9264
4111
7654
3228
9045
8202
9935
4933
7311
1450
4254
9980
5390
752
4341
8365
7522
8652
6365
4063
6
9145
2370
5081
6640
8701
7632
8262
1805
9438
4272
131
2410
2847
1002
8975
5755
2221
1706
2551
675
7049
6584
5139
7443
8866
8192
7300
1811
1441
600
7526
508
5954
1676
1700
4249
7532
5914
895
9509
4109
7125
2321
6370
5792
9146
1362
4497
3767
9983
6907
1624
4880
9898
2310
9030
9971
3179
3807
3121
1928
6536
8644
9589
9457
7327
8669
4145
5556
8258
9479
2167
5079
7805
7027
4798
4136
4321
3975
2664
8939
2488
1215
6189
8420
8796
3526
4474
7045
3703
1046
7249
1733
8103
4165
5972
6597
9799
7018
525
4200
9590
7431
2893
6903
9553
2164
1943
1428
9047
3576
1445
2670
6045
8018
3769
4075
8636
9152
9426
3685
5536
5722
5640
2363
6064
1106
381
7200
9708
1221
2629
340
4440
5525
3882
9754
461
7528
4589
4183
5838
1184
2960
3660
5944
9624
7501
8085
7214
7644
1241
2491
6434
3871
3225
2608
7021
6746
6802
6180
4073
8199
2389
3771
6557
1402
4513
3582
9817
4683
7683
2920
4308
833
7323
4585
6149
2956
4178
8118
7315
5398
5031
8212
7990
9197
6550
2127
5641
3059
7318
7261
5816
9142
4957
8607
5975
849
9160
1193
8209
3266
2728
8842
4228
2689
9358
2292
3810
250
9786
6424
498
7950
529
7518
1137
9961
5740
8655
9466
9456
4031
7905
7413
8691
1974
6554
8058
748
2068
3752
2886
6050
7056
1806
7257
4969
3920
2614
5082
8021
9740
2600
6770
4164
3468
8967
5846
5219
8734
6662
9110
107
4208
6699
7110
1209
714
5277
940
8858
1165
8849
3601
7897
12
6125
6047
448
2479
5532
8078
9055
2638
9175
1218
3531
820
762
9095
7388
1087
2447
2374
2697
5034
9153
1449
6260
9109
9824
9120
6703
8160
2594
5170
5452
7750
1180
8343
9840
2675
6671
8428
6757
4603
863
2190
6702
473
2365
8576
2408
9267
5395
7517
3319
2988
593
6439
6096
7766
7472
7209
6620
5780
1024
4686
1939
6976
3441
1288
2797
4293
1608
894
6463
8956
1543
9714
8882
9713
4984
9576
419
2050
3890
9722
8470
8030
6098
4425
2033
6309
9081
2501
779
6587
2574
873
7726
5689
2409
816
1085
6803
2062
9238
6071
8573
4676
2775
4482
2458
477
9206
8791
1557
7119
4566
8971
6271
4068
6236
6999
1060
8625
9220
9648
7887
7389
8401
8830
4835
4983
9575
2353
1016
7348
6246
7416
233
698
2211
4792
1340
5444
7475
8131
423
4493
6814
1885
425
6636
3323
954
6256
6089
7395
1503
3707
5878
1812
3980
2307
1153
1239
515
8782
4034
9954
3845
5352
6423
8846
7770
8425
3657
5143
2557
6808
87
6605
5549
6204
5351
6342
156
3433
5055
4924
397
8142
4240
6863
7171
5595
727
5828
8034
2405
5960
9202
2793
2486
1115
1167
7964
9180
2346
65
6887
6499
16
1541
2100
1746
7109
4478
6977
2855
6255
3894
9123
9139
5612
8933
4779
6179
5666
3211
4466
6892
4267
9372
4023
1176
64
2981
9371
5936
8905
3971
3280
468
9558
7001
4893
9579
2345
4837
4070
5294
2867
1280
2078
355
5449
9094
8688
1438
5737
1572
5202
938
8904
4101
7685
988
2428
2825
8412
8294
1996
1527
2388
4091
3194
6169
3467
8889
6395
5301
7559
5165
2665
2330
9446
610
8536
7077
2072
9571
4163
8122
1467
3847
8766
8448
6830
5022
2470
6607
1715
4170
5758
6641
4486
2151
1407
6531
5271
2568
9487
4499
4563
5940
3409
2143
5760
1785
3911
2945
7044
2821
2343
4209
4465
2558
4626
7282
1586
2385
4985
3671
7551
7295
7952
8737
9693
9482
1465
5762
3939
8234
2478
7228
8948
5552
7351
2216
1369
9164
9350
3180
7146
2643
9072
1112
7978
4795
6417
2663
7083
4639
8705
5090
544
2554
2195
4989
4997
3787
7663
1222
2641
2582
569
7712
4691
9342
4725
110
1535
2710
2240
2735
4541
1705
4326
9106
2707
197
1485
5571
6822
2395
5839
7991
5868
8227
902
3493
2039
7934
1780
309
1341
5695
7058
2118
2294
9567
8155
8096
2362
674
1827
7020
1268
1230
8347
111
7250
6653
9311
6897
253
9510
6882
4815
6898
7080
8154
1371
179
6287
1200
7164
8574
1207
7562
7181
5107
313
8028
8445
4744
6937
4310
9765
899
589
9435
9092
9976
3101
3765
3265
4303
6760
9151
3147
3006
6837
8394
6906
8069
8910
7310
9512
1036
8318
1169
806
676
6392
5415
1321
5279
4097
4115
3782
6870
6444
9511
3000
5626
5325
992
5374
4601
2480
6188
8994
5855
8102
9271
8534
4396
9879
8404
7839
2364
3221
8249
1533
9462
3774
8402
3952
8377
8624
8080
527
8816
1979
9346
2110
3551
7696
3337
5057
8405
4053
63
6001
4059
4742
3188
7702
7390
6121
9112
1657
6021
5952
354
2173
7065
9252
3996
2452
5089
1817
6366
6945
2739
6033
4771
8105
2706
3669
4021
2441
8946
5097
4850
1587
8733
7364
9978
4869
1912
7013
4035
9469
1822
6214
9086
271
6355
4348
5888
1245
9467
5566
8111
7566
5475
4836
7608
3599
8435
1901
6388
403
3287
427
9421
7555
1040
4907
7614
1461
2256
3972
9639
6681
5025
7081
8929
5800
6201
8129
4458
6570
3131
1702
3344
3435
5342
6433
7053
5186
1283
1034
1411
8191
590
9449
9217
6807
6353
3474
1380
2471
731
5359
5339
2890
411
5073
2349
2626
8342
1988
4301
5917
7648
116
3247
517
9547
2809
9996
6548
8156
3025
66
5324
3717
6687
1583
7487
2516
5902
8065
7812
345
5384
8136
6358
5237
7127
2581
772
9761
648
1977
3483
6261
1331
4046
1337
6123
2106
1272
8214
4592
1487
7251
8631
25
2136
4823
6093
4403
7593
4978
9577
5869
5218
3565
810
7707
231
294
5949
7871
4397
5623
4765
6161
3680
6247
2979
6558
6651
1320
5280
8031
8686
7507
9349
3390
7373
832
2220
8397
418
1105
1964
5957
501
5775
4882
8954
159
1191
2157
7301
7445
7341
4290
7540
5977
7545
4551
9232
4884
7483
8002
9887
8121
2676
723
3261
7841
67
4664
3538
9447
8868
3916
3942
7210
4766
203
6908
7876
774
3304
4274
7617
9235
8523
4099
5412
2986
9655
5896
1431
1573
7196
9621
1120
3525
8556
3061
5096
1631
8193
6655
4868
768
5679
4358
7292
8670
68
1023
7142
6377
3268
3946
8088
1880
6400
3489
4961
4451
5557
9031
7264
3137
9687
5659
4354
1778
8883
5922
1821
9455
9880
4286
980
237
2496
666
83
6871
410
4689
6880
4217
1997
4468
9773
5303
7773
8795
1850
7108
5125
7322
2423
4255
3885
4287
3229
5764
6867
5964
7691
1688
4582
755
5436
2004
1203
1214
6749
5308
5814
2460
5109
9521
2544
578
5732
2838
8421
2129
3898
3328
1242
7922
2413
7966
1376
3647
9682
1234
7281
5511
8016
7339
3482
2536
2530
8135
8710
777
4156
5206
2344
319
2931
5197
2350
1332
7775
9224
8291
1606
6128
5709
7799
9273
7458
2813
5563
6458
6138
5804
1577
4794
9535
9096
9986
9526
4195
9554
1808
9611
4315
4745
6135
6383
9083
7933
1776
914
475
5037
4135
1935
2624
5716
2791
794
62
4523
8519
5430
6989
4372
9717
4437
802
6012
7930
1522
8582
7187
8140
7798
3399
7177
2566
2810
226
5603
815
8550
3545
5706
6508
853
3863
3447
1122
6798
6018
6106
1507
7260
139
467
7066
5728
2755
5847
3729
1372
6921
8245
8277
6293
1648
7147
8359
9215
850
3442
7331
5889
5941
4265
7512
6288
5009
1881
1932
3664
118
2866
2431
2969
9966
4455
1161
6957
7440
6619
8312
8660
6181
6608
1758
7626
4502
3425
6336
4471
2179
2186
1580
3616
9395
7837
1422
5833
8400
4617
6698
6841
1516
4561
4128
4503
2472
104
9896
3505
1285
9243
2042
5191
4848
1100
4843
5161
3831
7589
2073
8572
4695
647
7086
7576
2150
9823
3246
1781
3833
5431
1354
5479
2301
4534
7800
7139
9355
2659
7121
2188
9266
2338
7405
1598
1315
8224
7843
4087
28
7661
9117
3958
5166
3899
5130
6942
1504
5911
9647
5905
3092
3737
2333
3157
2113
2997
6758
1387
1750
2839
8522
8282
8528
6521
883
3989
2625
3278
8709
1353
4298
6237
3007
9089
5265
5935
1981
5399
7709
4364
385
2084
1701
8980
5460
2066
9296
4205
5134
6959
338
7439
5086
7004
2260
4123
1081
9830
699
2737
1398
944
3002
1709
5916
1004
4410
679
8969
9331
7457
6885
9383
5389
7082
2685
378
4076
9066
1685
9369
6094
3242
9627
7859
7970
8392
8985
7567
7899
5330
4581
9049
1367
5486
8879
7113
524
431
7442
2989
6919
7535
6431
6416
6016
5992
5423
6199
8957
7611
3449
6420
9871
7477
9975
1948
5515
1413
128
8698
9860
1566
4672
3190
7881
7900
3343
4492
386
3455
5510
4675
4418
6087
5946
6210
3079
9454
8174
6211
3119
114
217
407
3908
7910
1521
7070
611
6518
8543
8870
3160
1042
1158
5377
6427
6501
5502
1616
5443
7462
1864
4244
8255
8714
662
2575
6405
3388
6581
924
1906
1954
77
6394
2542
5574
6112
9767
3824
4167
2061
7306
9481
4747
6090
9597
3828
5664
6172
8919
9208
7022
7602
5030
790
3860
8254
5989
2678
7401
5822
6223
2967
2519
4573
561
8914
7563
6701
6196
4670
5489
5314
1716
4829
3594
3060
6136
14
3770
1944
4659
4058
9674
6678
8645
3019
5201
3327
1665
2514
7788
1664
1769
2842
7215
341
6916
8019
8296
3534
526
3678
8437
5473
5210
7791
314
3735
7130
613
8961
4414
6574
6936
4333
2757
1141
8309
9683
7239
4234
9620
545
4527
6102
5225
3465
7011
4318
2342
6398
1985
5874
4564
9865
8265
2394
9498
9488
1110
3301
5926
1777
7480
2851
8817
4928
7912
7956
3987
8413
284
1134
2012
3124
4392
6672
682
8326
8684
9727
3217
4048
9133
9752
2928
4537
3711
521
1976
1005
9999
6295
2860
716
7369
3906
8680
2178
5042
4055
6108
606
3625
3043
4103
2868
4204
308
9947
2941
7151
1224
9059
5063
2951
2917
9295
851
4696
4666
5376
9275
4413
4317
3792
5950
2331
7860
6110
3464
5027
2645
6460
9428
1114
5678
9758
4613
1261
3267
9730
2268
3983
8900
2859
4810
349
3719
7941
1018
187
4709
103
3836
5481
5231
7548
5858
2745
4704
5003
4625
1786
1617
9392
1439
5583
1721
3621
6948
7630
8026
5518
2770
148
4909
460
399
9237
9503
5512
455
4993
6216
9336
6693
4680
9701
8295
3127
2681
4769
9425
2841
5862
9827
4098
4051
4723
4490
813
4977
2114
3630
2814
2430
9013
4616
3697
4231
7219
4224
7438
5298
8474
4038
9413
2075
1576
1486
1911
4229
9848
9751
2862
6065
1436
1545
6953
787
4337
3507
5683
4536
4264
6482
2661
8729
2612
4141
5420
363
3648
2048
7642
8552
6600
7704
3510
2822
9062
105
4419
6183
9591
8518
1192
3413
1126
9225
8132
4555
6473
7174
8355
2628
4211
198
1528
9692
1953
9361
5049
7277
1319
8839
7335
1642
3725
5968
2248
2733
7847
6334
6801
5818
6780
4316
3096
3498
6755
1308
6097
8855
2058
3530
2437
7173
6119
7992
1991
8449
8481
2591
4652
3539
6401
2398
9084
7186
5429
4550
2908
5942
8749
9185
1615
7695
5506
5617
3071
3926
881
8731
353
3579
3239
7730
2023
300
4533
4080
3720
8848
1684
6468
5358
8037
6711
9940
6043
7523
1534
9179
8955
1256
3259
2957
7284
5516
1951
436
412
7337
2499
3466
1723
3123
9265
6241
1538
8802
4335
5102
1281
2399
571
7247
9461
1838
2590
7199
9387
4898
2502
1920
8800
483
7297
2962
5619
7575
4230
2747
3233
2524
2270
1446
5169
3686
2354
5956
8149
1425
85
8976
6467
6324
1196
781
9531
2172
9694
4090
1104
8382
5539
247
2356
2605
8240
3057
7554
1109
5815
4285
8987
9496
8579
3209
8798
4383
1473
4959
1667
2194
6594
4584
7797
6359
5784
6724
4849
8158
1722
2296
3849
9077
3783
3801
9888
1177
512
8204
5685
4485
6968
7590
6723
3478
8459
8991
8442
5829
7638
4774
2386
9772
8758
2702
75
3102
7398
7000
7659
2734
616
8345
6610
4039
4435
4305
7874
9287
947
2769
7043
5159
9788
7216
7731
8540
1026
9385
8144
3572
2312
8984
1378
4706
9704
5890
3200
6707
100
9039
5151
2991
225
8966
3632
7537
3878
9931
8232
9972
9582
484
7434
4970
4841
4252
9483
5179
6340
6560
3758
7402
4116
4562
5269
9194
1501
3463
4302
40
2232
4026
117
8171
8756
1212
8163
9472
1366
1820
3913
3237
5418
8797
1421
5320
9583
5095
8293
535
4888
6437
7728
3394
5085
7461
7959
7444
6252
3739
6092
3321
9859
9905
5245
2610
7255
7658
9779
9277
4800
6507
7967
1993
1130
7225
7734
2203
200
4653
4117
4944
695
9157
3033
7572
8001
1934
7996
5639
6053
5381
6086
1553
8807
8865
5933
192
6995
1942
5476
1571
8521
603
6373
2377
2695
8515
6720
3469
3192
5910
4061
9770
3887
4622
1693
4198
7513
6549
3557
9459
6773
7939
3093
1513
8315
7478
6858
8172
4535
6606
7711
2392
6286
8912
6789
2940
7435
1396
1593
8751
4947
1065
3080
7152
5586
9970
983
2393
1980
8915
8330
3528
48
859
8095
488
9766
4439
8025
5669
7166
1643
4487
8835
3785
1678
690
7854
7724
5811
1388
9885
8720
6389
169
9585
3150
4074
3035
442
1505
2680
5524
776
2104
7361
78
3590
8467
3827
1475
6589
9774
8363
4405
9260
6000
2454
3600
5521
8917
2904
4327
2900
2207
7073
6316
8302
5360
753
8750
7193
5899
9686
7931
7132
7875
2880
9894
6304
6347
3844
1091
6629
4552
9816
6609
5227
2802
2233
9158
8203
1074
8677
7425
9497
1088
5373
709
2176
2391
456
7861
5789
2237
6894
358
9688
6601
4122
1728
8788
6762
3349
4147
7118
5817
4855
8331
9537
8044
4065
7793
8221
4417
2303
8321
6582
3867
1275
7117
5633
4918
5919
9778
4374
4872
6539
1254
5724
7965
6263
2780
7932
8953
667
9988
941
4733
279
2177
6205
7883
8206
7162
3073
1183
5116
2651
2743
7729
1632
1872
6624
4137
2209
4356
4382
3318
6962
4679
71
1143
3564
1174
2601
8366
5988
4531
7163
1517
8252
9322
1079
8808
360
3656
3396
2055
5546
5483
5070
1719
3522
2032
7436
8876
5573
9108
3085
1383
9067
9040
4331
3692
3984
1696
7568
3109
6379
1240
6023
4908
885
463
6415
3348
5971
1967
8327
6067
5929
7430
879
4830
5697
3446
2870
1116
9844
5545
657
1720
1509
2054
8279
3105
4726
1394
6222
8571
2683
3948
892
6996
2052
2507
6227
1532
6436
8538
5819
9437
7673
5
6412
6669
9982
4891
6148
5622
4665
9022
963
650
608
426
9672
7499
125
4811
5340
9018
1052
1568
9209
4996
8682
9836
5382
9835
9525
7911
960
4484
6451
7454
893
4839
9665
9229
2028
1961
430
5752
9642
726
7890
4312
5393
3746
7224
7972
4180
9925
9205
986
1618
5386
8922
7437
631
8982
2093
9427
5849
3417
5615
1929
4610
4129
3162
8719
741
552
7356
9534
316
8588
6876
4762
7040
8023
5326
2487
4963
2970
2092
1059
7716
4900
6565
8110
3128
6731
3084
3583
4571
4016
3593
9912
1674
5820
4475
2229
9516
4965
1823
7777
4506
6546
4708
6259
9536
9646
6562
6779
7619
7772
1427
2074
5404
3341
222
5242
3410
3813
8897
6646
5572
4699
823
5931
8147
1704
8198
1795
5488
4406
6374
1204
3667
7380
2906
9743
5468
4716
4271
1579
583
2134
1020
7918
7580
3360
4697
1454
1686
7009
905
7498
2744
2010
1433
7103
1575
509
1090
3584
5243
361
5809
5292
5285
4172
3454
428
8125
6292
2539
6786
5906
2509
6024
9671
6599
7885
4268
8653
6338
5144
2864
8304
9793
6100
1958
6648
6659
2523
2497
9382
3438
1033
7460
8228
3452
245
9364
8451
6447
5072
0
773
1316
4520
9756
8520
911
8778
3126
8009
5749
8894
6796
5244
168
7347
3481
1160
8260
5753
9556
9445
6082
7433
6146
6362
3661
8589
2688
5317
2290
6174
1682
9822
1182
3
9890
1237
8547
8803
5093
1028
4304
6954
3900
5610
5484
176
6328
9969
8790
109
8983
2511
362
9241
6429
3491
814
3936
1035
9054
9930
9484
1627
8175
5790
7267
4155
5887
4186
446
8011
195
9948
2921
1071
1765
2095
1472
2436
6006
4360
1882
4020
9216
4638
8161
8959
3741
9389
8539
2965
8017
9199
702
8015
5138
6596
1250
6032
1940
736
4089
7975
5657
7904
5597
1800
1927
3053
2379
4784
8200
9463
9769
6153
5837
3690
3346
4197
8724
5100
3561
2949
1597
5264
6506
6331
3083
2273
7068
9351
7424
9465
9436
7901
1713
2038
4517
2238
9938
7878
652
3013
5754
5720
8484
8903
8856
4402
8207
4
5520
3015
2783
6421
4093
2376
5793
9011
8197
539
5776
6104
2373
5230
7810
7143
5347
3050
5345
8864
5101
7888
1434
2162
3386
9315
9755
6621
2181
5397
4687
9684
1908
372
5714
5272
9132
1328
1022
2538
8641
1266
1333
7112
1490
6005
3431
7755
6364
8665
4368
1799
1494
661
1742
7492
1763
2788
4674
3761
326
8806
3048
8150
9604
3316
513
2419
5756
973
1148
6301
6994
3994
4347
6254
1269
2241
8041
3389
7321
1051
2879
2529
374
3710
3605
4130
2451
1092
7924
3372
558
6643
6056
8424
3560
8671
1869
4416
3595
1306
9214
5924
4473
5667
6874
6852
413
5065
8832
2627
8419
3740
9974
3095
7785
9147
8047
9038
8873
9248
1886
9637
6403
4895
898
7666
5717
623
6810
3784
9126
8444
1779
2279
9695
5455
3231
6481
2180
5783
9189
8423
4291
9760
243
9866
4783
5228
3220
3210
8043
7765
6623
2302
6004
6833
261
5590
3681
7355
2308
9941
8601
8090
2948
8464
6569
1491
3459
3219
1344
7903
570
4630
658
9173
2467
8559
5856
2284
2375
5747
8615
2493
1970
627
3028
3727
17
5331
8754
3407
9278
2411
4044
2508
3243
2724
6044
6661
5876
4962
120
6503
6952
8911
2116
8640
8610
6838
3003
7054
3979
3223
2123
4801
9657
8642
9723
8495
5674
7180
8656
2359
3148
6844
7206
1395
5937
6692
6800
1343
5032
7050
8024
9420
4902
8928
4311
3108
5966
4393
264
49
9736
7459
4062
1163
8068
4729
2750
6979
2751
3638
2887
9306
8396
567
6637
9406
7120
4759
5730
8320
3928
393
7836
2202
1447
7675
9218
9675
2196
8628
7167
8963
9184
5618
7882
8593
4813
5011
5394
7521
5136
7274
8446
1802
8334
9731
9502
1905
9572
9079
7148
2287
1262
2361
490
4072
3805
5873
6066
6264
5994
9690
8013
607
5742
3140
6658
542
5435
1342
1460
653
870
1595
4844
4507
9236
3427
8248
4579
8000
2224
8473
2045
1741
3655
7510
541
9847
5660
1659
2639
1017
6598
4938
6126
7088
4324
3665
6748
8694
9742
4175
3311
1000
7046
5050
6376
7010
7804
4108
8531
205
2901
8332
278
9612
2156
9592
178
9308
93
9601
8352
8130
3379
2854
9014
8557
1162
1080
4049
4494
1791
9041
3542
5513
5990
1038
9239
7320
9952
1330
5309
9078
129
2142
3419
7183
3999
1915
6440
1879
1121
1529
5650
7299
7169
9539
7270
6147
8100
4790
6042
830
3005
3208
4185
6300
5365
246
373
8685
375
3573
8722
4974
732
8507
1170
1390
4207
2905
255
8697
7987
4261
2709
825
7051
1640
8476
3122
3068
34
9607
2235
2563
2849
6938
817
4104
4232
7833
8403
6872
2130
5257
6932
1232
952
4611
3385
1856
717
5074
7374
3204
7502
5808
8689
5721
998
5234
842
976
91
1386
4568
805
4991
1251
1483
8493
3403
7639
9979
6249
7273
5026
6992
4040
3514
1274
6333
4210
5451
232
4277
1327
8775
2510
8329
1649
19
9233
3072
6404
619
5955
5761
1129
6478
7919
432
3544
904
9103
9562
8881
2103
9985
6556
3117
4834
7541
7822
1653
6782
76
664
6604
2556
829
991
3830
9250
7957
4001
6616
6729
1931
5892
1457
1187
8508
1896
3193
9176
4641
2672
2425
9715
8
3364
839
2850
1734
7309
7175
5943
786
7101
791
5810
1202
2328
5250
6922
9407
6928
928
4386
5834
7916
9493
9596
9212
2069
7814
6738
2262
5537
5558
3411
1585
8190
6815
6836
3794
8244
379
8510
4816
8506
2271
8892
1144
140
5607
4112
3705
3423
3974
1286
2397
3069
9681
9441
8537
2506
780
3609
7713
573
4685
8503
1862
8717
1456
5891
8667
2090
4897
4722
8370
1540
767
9520
7834
2776
5961
1558
2283
8195
1217
2319
6515
6262
3992
6631
6490
8901
8045
1590
4936
3325
6823
1039
4426
1909
8502
2636
8055
8622
6035
4623
9391
6470
7801
6101
3309
8825
322
1833
9044
133
621
9528
5630
9868
10
9363
4284
7007
1703
1622
2599
4558
6277
5498
4025
3125
2080
7547
7516
8384
9762
2800
644
793
2030
5710
7852
2246
7399
267
2942
6017
254
8630
8127
2844
4461
7493
9042
9735
4270
3804
2131
1225
7288
8945
1111
6278
5000
6030
1893
7989
3516
6576
6878
3897
259
3250
7592
2318
6156
9088
900
3074
6335
7968
5686
2197
5209
1068
4162
2255
8270
1049
1440
9394
4351
7668
2929
9565
4222
1235
3821
1124
8563
8339
6944
3363
7923
9810
1157
5932
5251
4132
7808
9410
4967
635
164
3751
269
1260
4758
2804
6674
7145
6477
2369
2943
4710
9090
5632
4332
7792
3009
5466
5636
1766
8867
1671
3098
6446
4574
514
138
1539
2049
5646
4966
678
6185
734
9610
334
8375
1904
5879
8455
376
6232
2021
4549
9451
1525
8916
7168
7114
2252
5588
9989
2474
9318
5953
4778
1724
5112
158
2139
4757
7419
9957
5175
4283
2727
4400
2225
3374
5448
8692
173
1384
2013
827
2998
1152
4694
9323
6654
584
9891
3566
5514
934
8143
8658
4134
6219
4789
1077
8725
8854
4371
325
3275
8841
8784
7849
5655
8153
4901
5778
3120
4620
5853
7826
4735
5204
7853
3518
5406
7921
8134
6827
6308
789
8771
2121
7564
356
2304
3263
1712
3935
9
1697
5920
5767
307
4845
295
9872
5851
8621
2858
9834
7271
224
9741
315
1417
7242
8683
188
8765
9757
9253
4033
3100
1971
183
5300
2274
3308
7170
8316
3106
7002
4548
4259
1282
7682
9515
4237
7263
6791
5529
5802
8633
7178
438
8944
6193
9908
1731
1752
6719
511
1732
7465
8462
9416
5012
201
1178
8185
8246
9261
1324
162
7689
8358
2971
9676
2527
276
7017
6778
8151
8732
7703
9290
7212
6618
3142
8605
260
4309
3320
4920
8877
439
3395
3853
3306
5142
7211
7739
2147
5421
5465
8554
6627
8159
7207
8700
5353
4643
7669
7951
1773
6505
3964
3843
1484
1458
807
3376
618
9946
9506
6039
2482
3392
5154
9504
9366
5140
2434
7653
2037
3094
1289
7157
9156
1551
4624
4428
1652
8243
4369
7831
3065
2026
4257
1775
5715
6494
3907
4860
639
636
3838
2947
3494
3520
2109
3706
3748
3279
6266
2807
2898
4717
9876
9513
189
3750
7960
2089
8349
8745
2984
8872
9501
882
9949
724
9962
7391
997
2525
