100
-501493 -556382
966899 984502
170705 301879
348363 610005
-12402 84101
-150741 -114473
-905526 -841459
-579192 -597968
223714 343931
548361 745946
-697779 -723195
293749 446016
-362281 -350114
927806 983475
173173 312881
-843137 -814401
-4451 87153
-599636 -605500
-995950 -992791
911356 908359
-65701 -10946
900729 904578
-422805 -387609
659092 832588
56014 139864
-202636 -203465
42029 94101
783183 851534
-616564 -645261
-201434 -174664
-39909 30286
-888669 -824349
-223078 -204188
-657498 -667085
-96119 -70066
-449882 -443383
-21435 59609
-466291 -501787
-753169 -796469
818699 886775
315146 505483
-301082 -346172
-418406 -368864
-967574 -896872
-731507 -776457
264602 436809
318085 537730
-886097 -818260
253356 403730
260107 429995
-466341 -503174
-287512 -286003
-463833 -453751
-715499 -739755
-569449 -593749
-918779 -847197
913880 981728
-652362 -658551
179184 323546
-256257 -263154
-647150 -648231
47695 95940
707382 837882
-297314 -294315
106690 202942
585566 753525
-953360 -888298
-243287 -236670
93225 199034
163579 259757
-612437 -627540
-724537 -757869
205003 331292
536752 727350
-936804 -858379
344072 598848
-491950 -532735
226490 371993
650141 788094
498928 633949
519306 697782
594632 782417
315976 508635
442207 619041
177799 313529
-362542 -356374
246287 376309
516792 677345
81035 196048
-832968 -802922
303882 492619
510856 650781
111094 245935
68532 148138
-293677 -288783
-900678 -834245
-591776 -601711
-423708 -433522
425403 610310
672059 833666
