10000
24 91
17 75
22 54
3 33
59 24
36 10
15 0
5 60
46 92
98 59
83 74
91 15
50 83
37 15
46 83
64 1
24 73
86 18
60 42
15 6
46 88
46 48
36 40
19 84
65 83
26 85
46 54
9 82
8 39
93 92
45 78
14 69
4 7
47 3
5 86
41 93
95 84
77 49
12 83
81 69
84 36
78 87
65 32
35 94
34 32
21 67
72 42
11 44
82 51
20 81
41 46
75 51
63 42
68 23
37 65
52 22
1 18
69 71
6 24
21 29
99 15
31 90
39 87
1 70
90 14
29 47
83 18
42 84
38 31
61 52
94 19
7 77
66 27
41 1
68 28
42 17
63 33
78 68
39 61
83 91
97 64
44 42
98 56
5 19
58 48
15 50
70 93
39 76
93 79
34 54
82 40
35 19
19 89
89 44
84 48
20 34
74 5
45 47
22 0
29 6
84 96
19 74
15 58
65 16
56 36
29 60
10 51
64 32
84 64
19 24
23 42
35 24
32 35
34 99
41 72
29 11
84 78
97 12
27 17
24 53
82 71
32 32
77 1
11 61
56 22
41 89
36 49
22 64
86 0
21 94
45 29
51 26
57 65
31 34
82 12
76 29
43 21
68 80
17 46
81 75
41 61
97 1
43 39
25 58
63 28
8 83
87 79
96 13
17 3
33 9
43 64
59 1
12 47
80 96
19 56
67 35
51 6
34 38
29 63
98 93
15 37
50 73
43 33
73 84
2 1
70 18
9 11
15 25
1 34
50 89
90 52
61 37
13 95
37 85
80 81
82 63
34 13
90 92
8 2
10 34
46 74
47 47
11 33
58 21
16 62
5 51
32 72
22 78
39 52
26 71
47 81
80 44
94 69
38 57
26 46
95 22
67 81
97 24
10 19
25 73
71 31
60 68
59 26
28 35
93 30
66 12
23 77
31 88
6 49
21 43
62 63
63 10
6 28
39 89
91 50
47 12
9 36
6 99
91 95
33 14
68 16
42 44
67 24
33 96
29 99
26 38
39 8
19 23
55 52
91 89
13 81
0 36
3 28
3 83
85 49
86 47
91 63
73 32
96 90
87 40
56 0
56 82
30 38
90 3
24 51
70 74
86 39
74 70
71 2
94 33
58 74
91 98
38 41
33 78
1 57
16 73
19 20
65 90
45 6
0 99
67 29
50 24
22 59
72 39
76 6
89 4
22 33
36 54
44 6
44 16
24 13
68 70
26 79
78 63
53 8
42 79
14 86
43 82
38 12
45 26
84 89
29 98
54 0
19 9
23 0
52 75
63 37
10 21
15 94
91 86
84 82
30 59
36 85
50 14
22 15
66 42
79 0
55 79
57 29
20 42
62 53
45 14
0 51
94 29
89 76
96 89
5 43
26 81
34 41
93 42
40 78
0 61
54 42
89 97
65 96
85 70
91 17
33 51
11 83
25 16
94 4
47 76
77 35
87 43
21 56
23 87
68 17
38 25
58 25
75 76
57 44
85 37
24 46
16 66
7 16
97 85
14 52
48 97
31 58
26 41
98 30
31 47
22 43
73 25
9 21
33 16
93 40
61 39
25 82
78 29
8 9
63 25
27 84
44 86
12 88
87 17
81 89
44 89
33 28
34 69
25 2
95 55
70 81
1 68
41 5
19 50
40 83
74 12
38 55
3 22
50 6
89 87
38 0
15 42
55 24
92 8
22 16
78 6
42 6
3 3
53 86
52 79
84 95
7 26
65 13
75 82
94 76
89 59
31 50
26 43
46 6
83 35
67 7
8 80
75 98
82 92
50 76
92 30
56 32
92 74
63 7
3 21
48 21
22 20
9 6
35 45
51 48
46 93
68 34
13 70
71 36
16 74
15 32
7 2
83 56
12 43
21 19
6 93
15 17
3 63
62 33
94 37
68 63
82 73
4 34
25 75
37 24
44 40
30 76
11 71
79 59
22 75
61 6
71 84
63 27
39 60
44 83
84 57
89 5
36 96
90 68
21 98
60 44
12 77
61 61
78 25
5 44
17 30
82 67
58 78
43 65
77 8
80 80
10 74
14 91
34 80
61 71
29 10
43 20
38 44
39 32
91 62
98 72
81 80
41 79
57 51
94 41
39 26
59 53
66 72
40 9
8 27
27 5
41 98
5 70
6 59
2 40
30 13
50 33
43 4
18 62
5 80
49 7
27 76
99 96
76 80
55 72
79 55
26 62
12 1
34 71
67 79
45 51
3 20
13 39
45 18
76 98
52 32
34 49
72 38
21 26
96 75
47 89
80 15
90 5
71 33
61 35
49 10
75 95
64 82
54 81
46 17
31 81
24 42
58 38
66 97
93 9
81 78
56 57
34 33
9 20
52 99
92 49
74 25
20 11
10 7
16 1
62 92
47 14
77 59
56 42
15 67
2 25
86 66
65 67
15 45
7 12
65 64
67 3
30 20
78 85
20 56
35 54
66 85
83 99
70 90
13 31
32 0
49 17
71 6
25 89
0 96
73 24
43 85
46 77
86 40
82 27
59 43
40 48
0 75
75 58
21 37
41 60
24 67
72 75
22 82
90 61
76 66
45 59
7 59
94 58
9 95
74 38
34 3
3 15
29 12
90 82
24 4
11 89
4 76
72 71
74 44
84 63
50 91
29 57
4 81
1 81
12 28
74 78
68 14
40 6
31 14
40 32
92 24
57 10
32 44
90 47
70 11
11 25
54 49
30 66
56 30
50 74
48 29
51 21
11 51
41 3
53 70
44 14
7 32
17 54
21 90
17 1
80 38
12 78
29 64
6 84
82 38
50 77
53 48
89 3
94 54
48 26
60 74
77 6
15 38
89 2
73 41
62 75
26 13
22 85
3 68
55 20
87 93
58 51
35 47
74 32
33 50
98 33
75 65
79 2
93 94
94 65
84 19
26 34
6 80
14 65
63 85
96 1
80 89
12 38
55 28
73 96
15 1
52 68
91 84
21 76
87 15
35 69
78 46
6 38
56 88
29 32
8 8
59 88
2 75
33 11
92 16
92 55
85 17
55 17
77 5
75 89
62 58
25 55
82 0
1 62
79 20
25 71
15 98
95 63
61 8
59 95
55 49
52 12
3 89
40 30
3 80
44 85
85 63
0 25
72 68
10 95
84 92
49 26
57 64
30 71
18 30
36 58
63 38
36 66
70 68
74 85
74 52
2 48
25 47
65 60
81 25
2 79
54 74
31 76
20 72
25 1
77 52
62 30
10 58
42 11
22 90
71 43
84 8
40 84
49 54
51 19
47 45
7 79
74 93
75 12
75 9
24 21
35 80
39 5
69 74
90 76
63 11
86 13
4 63
65 66
99 77
54 21
36 65
60 7
31 25
9 49
4 45
46 9
8 10
44 68
31 5
92 64
72 56
43 75
46 5
2 0
33 94
32 50
35 73
13 9
43 13
18 32
69 11
8 93
28 82
5 52
44 56
87 45
9 54
69 94
49 76
42 34
91 83
35 64
34 24
30 44
8 92
40 0
53 52
44 37
94 5
99 55
45 80
66 33
10 28
15 31
49 48
38 4
14 87
61 32
46 87
54 8
61 13
61 93
14 42
19 66
20 4
4 9
55 26
66 88
26 60
43 91
52 3
9 57
45 52
14 89
15 26
68 83
94 13
16 70
60 93
93 61
33 70
31 9
16 98
63 26
99 7
61 94
7 76
73 54
41 8
92 67
11 24
13 35
37 67
98 91
23 31
24 86
9 74
82 37
88 8
87 89
30 43
91 41
80 54
25 94
20 66
60 10
65 80
53 71
3 35
51 96
98 1
89 68
43 35
84 79
28 4
66 16
42 95
75 30
50 22
69 27
32 41
70 10
66 60
83 40
94 70
18 73
66 57
11 18
0 60
31 44
32 59
60 70
87 37
57 83
44 44
1 55
61 92
89 18
37 50
49 30
54 4
28 36
26 10
26 33
36 71
86 63
83 55
87 10
57 34
11 26
79 54
66 83
56 72
81 33
2 38
87 60
89 15
85 97
17 95
65 29
67 80
66 0
13 88
5 91
54 64
0 68
76 14
60 83
71 26
19 87
5 34
57 91
25 40
92 99
2 56
18 85
95 54
0 63
60 95
26 96
81 28
61 49
34 42
81 88
88 74
21 79
72 16
74 2
94 22
59 63
62 28
96 9
68 40
5 42
14 94
83 97
7 70
3 17
53 74
23 20
10 46
29 25
74 74
50 65
15 93
19 19
53 47
70 32
33 23
19 21
74 36
22 48
92 68
9 31
1 51
88 0
9 44
37 42
12 72
4 19
8 15
66 56
74 9
55 85
56 49
41 95
78 16
60 34
49 88
39 45
92 69
54 61
97 42
6 96
27 91
9 27
11 57
87 70
41 87
20 29
36 4
64 48
43 69
23 37
62 57
71 52
99 83
46 75
15 87
9 2
96 55
60 66
79 76
67 87
20 71
89 19
47 36
69 85
82 75
71 38
5 27
54 83
94 40
28 9
66 34
36 73
26 93
65 47
33 91
71 17
81 90
31 98
84 98
91 28
63 81
23 75
18 75
41 20
74 28
11 55
18 4
88 67
90 90
23 13
60 94
33 34
22 99
13 17
77 76
69 55
44 17
13 26
90 88
93 47
22 24
88 23
91 91
60 98
93 12
65 11
27 53
24 52
38 82
79 67
99 38
51 47
25 0
94 96
42 83
99 12
40 7
88 47
79 6
16 51
60 32
88 96
12 95
81 56
95 83
31 62
58 67
8 91
26 7
13 4
52 5
82 89
13 30
15 14
27 7
22 22
10 62
73 70
18 67
28 57
68 74
79 47
73 3
88 9
96 73
73 94
97 39
65 95
37 99
6 87
59 33
53 67
47 42
64 79
69 7
87 8
78 93
83 57
43 45
84 6
21 74
38 21
58 75
39 83
19 7
71 59
16 43
1 54
36 84
66 67
7 22
97 71
20 21
23 34
98 44
34 74
60 84
37 56
65 41
22 36
76 9
90 28
40 49
26 55
11 93
81 41
28 62
44 1
30 46
4 29
11 43
9 65
53 26
53 65
62 44
32 94
31 36
2 76
16 18
99 97
18 87
98 35
3 55
74 29
11 54
78 94
90 53
56 46
48 86
62 49
9 98
84 29
56 29
44 92
54 97
97 48
56 70
73 57
49 40
0 59
36 22
36 97
33 73
96 25
60 78
13 14
83 59
83 6
46 78
89 41
99 89
20 67
87 49
64 74
20 86
76 35
3 98
55 99
5 31
16 6
30 35
26 16
6 65
88 16
68 2
23 74
80 1
13 5
29 22
21 51
92 38
61 44
13 19
95 57
82 29
73 45
35 38
92 7
60 16
44 29
89 74
62 66
1 56
81 71
29 26
35 16
16 27
54 80
55 83
53 9
91 19
13 89
87 5
56 18
25 91
68 72
51 54
22 40
86 52
72 83
25 49
2 86
79 56
97 76
50 8
91 77
35 10
17 92
62 93
89 57
4 89
13 2
20 95
75 22
24 48
67 15
50 47
71 1
61 54
59 28
95 74
65 7
69 25
56 50
45 44
96 7
55 96
88 39
72 66
79 61
56 16
70 77
82 55
75 7
22 87
31 17
54 37
92 77
70 23
40 54
89 24
32 23
58 20
93 54
19 48
37 68
45 87
85 43
4 41
81 9
30 25
41 73
77 31
11 65
79 58
35 60
0 12
59 52
13 86
41 9
1 88
80 76
43 28
60 63
34 86
42 28
21 63
51 71
2 27
3 75
17 42
77 78
51 2
11 58
22 12
48 71
43 9
30 83
52 66
42 94
41 68
72 92
45 96
14 43
40 77
11 15
92 52
58 57
46 63
91 30
6 16
74 10
94 39
4 54
0 21
30 55
9 12
96 21
73 47
18 26
40 93
11 17
84 52
36 7
40 13
57 78
64 57
73 4
34 17
80 20
58 70
33 81
18 58
69 66
3 40
18 20
97 93
15 59
80 35
45 31
40 41
65 40
22 68
84 35
93 45
60 41
60 24
66 87
4 92
21 2
88 21
53 49
88 35
9 63
9 84
30 58
19 34
6 1
96 17
55 69
5 75
49 59
49 4
16 7
33 54
77 2
30 77
92 88
91 23
94 52
88 45
83 84
40 31
92 26
53 92
44 54
18 13
53 79
86 68
10 70
7 86
13 49
7 63
34 34
68 56
94 80
60 37
4 14
91 25
58 65
19 15
68 48
30 63
97 58
66 58
96 49
35 62
31 61
11 99
63 74
71 81
57 58
72 14
30 79
78 12
87 13
21 41
27 99
55 23
24 10
15 74
41 59
97 9
1 37
38 15
64 26
62 25
79 80
96 83
45 71
64 35
0 39
66 53
47 35
4 95
5 10
39 58
7 41
39 46
60 73
51 83
25 12
24 64
6 20
69 46
12 8
61 23
75 25
66 96
88 52
33 44
31 46
99 91
73 40
8 13
42 19
75 75
53 20
13 33
47 54
43 10
76 25
62 51
62 56
8 16
93 76
56 99
93 96
59 6
49 68
56 63
49 77
76 23
99 69
72 80
14 36
53 62
23 19
35 85
78 8
37 28
78 28
83 28
7 33
53 66
72 81
88 29
38 58
48 46
71 68
46 95
13 46
0 41
62 73
92 90
47 28
52 23
10 43
61 69
52 65
59 18
14 31
63 23
49 50
44 11
17 28
11 5
64 93
10 11
0 56
25 46
87 55
55 92
38 64
8 69
74 21
75 32
8 75
79 4
55 9
83 25
3 11
91 27
64 4
17 36
4 32
87 90
16 20
90 13
49 36
27 23
6 53
15 68
96 15
71 60
8 81
53 60
12 82
20 64
16 99
44 41
91 67
36 82
34 31
66 23
13 24
76 74
47 23
89 20
56 33
44 20
68 65
33 17
82 18
56 61
13 21
56 90
76 46
52 69
16 61
54 77
42 51
40 17
65 91
71 78
18 80
46 56
13 52
1 9
12 36
61 43
84 34
77 79
37 26
98 90
69 88
15 54
47 87
3 84
76 30
36 56
86 33
49 47
37 9
93 77
8 65
68 22
79 13
81 11
43 49
14 25
19 40
63 62
26 37
61 46
29 4
2 33
65 26
73 43
28 42
28 43
89 66
70 49
41 91
19 2
76 22
63 99
58 40
99 21
53 18
6 13
75 38
79 87
60 14
32 36
63 77
90 93
38 43
71 49
59 3
65 93
60 23
28 15
6 90
24 35
93 34
46 79
35 22
17 68
15 36
98 83
29 95
32 73
36 87
82 33
62 54
83 46
70 29
4 91
98 63
47 0
66 13
83 19
77 0
96 52
27 97
4 0
34 43
4 99
86 74
58 77
41 36
55 65
23 69
46 47
90 11
67 66
4 98
42 82
14 80
70 38
41 45
93 97
14 88
20 38
72 36
78 35
56 24
24 81
0 90
5 55
82 62
4 62
27 93
85 9
84 45
68 35
47 84
69 29
62 99
39 79
53 35
33 2
71 57
76 53
39 99
20 83
30 97
26 80
1 12
53 87
30 82
11 53
55 77
59 86
84 76
84 14
28 22
85 36
33 18
36 70
24 47
5 58
90 50
44 27
79 57
60 88
85 71
8 49
87 33
39 77
29 17
30 30
78 75
8 17
44 23
99 60
8 34
41 62
13 34
33 30
17 52
4 49
93 1
50 9
63 36
90 29
48 35
43 97
86 77
41 43
61 62
28 69
45 89
66 45
73 35
78 82
6 57
93 49
43 68
68 26
71 32
37 79
57 25
94 66
78 22
20 59
56 87
29 61
3 18
58 3
5 74
26 24
69 47
42 90
83 8
81 92
4 82
61 99
33 64
1 86
25 34
54 47
13 77
93 26
48 8
84 44
64 75
41 63
19 85
39 82
97 72
87 4
78 96
91 61
4 61
47 96
26 5
59 75
95 43
51 14
1 92
86 55
47 29
51 56
23 7
27 8
83 38
73 99
22 89
91 94
40 52
26 1
52 43
45 77
19 10
24 3
31 48
24 40
41 65
21 66
58 86
90 27
56 55
2 14
67 27
86 48
54 55
57 49
10 98
0 74
45 17
82 47
41 0
39 51
80 88
87 28
43 77
12 40
31 93
89 29
67 50
57 9
9 3
75 16
72 27
0 14
48 18
46 33
43 88
14 77
2 37
83 17
49 82
90 85
14 63
33 71
2 49
50 0
18 23
98 65
79 27
47 16
0 10
86 79
79 51
54 96
49 74
39 18
24 83
99 41
83 70
23 83
96 51
36 94
23 4
77 62
71 64
98 66
2 36
59 40
79 71
19 86
51 50
98 60
73 60
29 54
89 0
0 34
67 5
96 33
1 99
19 96
64 71
72 11
17 27
79 85
7 53
12 48
98 2
93 36
60 39
49 97
84 10
50 70
79 11
1 95
83 63
53 23
15 55
84 54
56 38
41 86
0 76
10 53
18 44
6 39
55 86
80 26
42 88
52 73
69 76
1 93
51 35
58 53
18 6
51 55
49 81
32 60
34 37
99 13
69 23
79 30
66 79
60 36
24 44
41 39
93 84
95 98
28 16
41 82
91 60
68 77
15 30
64 37
84 69
54 62
81 70
0 8
43 90
9 86
37 90
95 40
82 41
99 31
41 38
79 89
1 64
32 17
32 56
38 97
4 20
39 24
78 1
18 8
96 70
69 73
25 85
11 1
68 82
42 18
56 37
35 59
85 94
70 25
54 39
68 52
97 23
62 37
39 63
71 51
19 78
85 64
96 56
98 40
0 4
8 21
64 33
36 62
4 42
16 80
33 40
73 92
59 50
64 6
50 71
31 42
48 28
33 99
70 89
73 90
56 54
35 35
22 83
13 25
83 14
23 89
39 73
63 18
89 53
91 3
96 5
60 22
48 25
35 89
1 43
53 15
64 49
21 97
95 36
91 20
86 41
82 98
24 16
56 31
19 67
47 58
47 37
49 46
98 81
57 77
89 83
95 58
48 7
96 59
10 80
0 24
19 53
79 52
9 87
86 72
38 75
77 3
14 16
28 31
69 3
10 13
80 47
71 27
67 94
97 91
92 92
81 73
9 32
30 2
37 0
16 15
45 43
99 79
94 16
34 98
44 33
77 33
4 4
60 2
50 95
69 34
84 61
53 84
48 89
35 71
80 3
15 60
74 8
72 3
92 89
37 57
45 92
9 90
87 73
69 30
44 80
4 67
52 60
17 5
22 37
25 65
67 61
97 13
49 43
78 88
57 69
19 45
48 85
4 37
7 93
60 59
16 10
94 99
32 71
28 59
70 52
10 75
83 64
59 49
68 0
23 16
92 15
1 30
2 62
34 6
9 71
32 95
55 44
82 31
93 29
49 73
35 98
55 46
33 32
52 46
50 82
44 93
61 19
59 30
46 21
95 26
30 99
44 66
20 84
29 15
27 55
30 40
44 82
2 22
69 54
19 69
97 50
86 70
19 3
21 47
75 74
12 91
34 26
51 23
45 50
60 35
85 80
81 14
64 9
51 97
92 1
69 10
63 59
88 63
28 55
64 24
38 67
69 53
31 91
80 53
6 4
25 19
46 19
23 30
18 70
62 20
15 65
27 21
65 8
75 63
81 13
26 50
13 51
32 33
27 65
94 53
19 41
56 6
21 1
19 80
71 95
17 45
57 20
91 92
13 41
50 7
51 15
0 73
55 80
14 11
75 68
32 43
52 13
5 8
82 60
7 19
76 45
75 8
4 80
50 37
7 55
66 17
9 30
82 21
71 53
5 40
9 28
58 43
50 79
3 81
51 3
63 21
50 90
26 35
18 71
77 9
38 3
2 41
79 25
14 84
78 77
34 7
0 30
34 1
23 67
42 61
86 65
13 97
46 15
38 22
38 28
28 97
99 29
48 42
68 43
30 23
74 53
48 14
42 59
47 1
58 58
94 67
84 24
64 46
66 78
67 71
71 85
7 98
67 18
49 14
21 46
36 20
22 45
58 17
22 1
6 26
63 50
61 47
97 69
22 19
77 42
38 6
18 10
33 65
45 67
95 89
91 39
37 20
32 80
31 37
65 5
42 8
43 66
14 92
57 53
74 63
59 93
2 85
54 87
73 27
22 58
38 72
51 36
48 88
34 91
53 12
17 61
91 65
68 81
5 95
48 45
18 72
90 84
26 56
30 56
11 75
8 66
60 30
81 81
21 71
2 34
30 41
38 73
20 28
14 79
66 10
99 98
37 88
79 12
24 6
79 9
62 6
80 60
99 85
79 46
27 11
27 25
77 29
82 58
6 95
9 9
40 8
85 59
88 24
39 21
6 56
41 16
99 94
88 54
12 85
81 49
98 94
77 84
75 70
72 96
44 51
89 12
2 82
96 10
62 71
22 79
11 39
96 94
77 10
38 9
62 59
84 7
79 36
23 54
85 8
43 99
15 63
68 29
64 28
68 71
18 19
75 69
26 65
23 76
42 10
97 8
89 7
97 26
77 30
4 40
78 23
96 3
0 85
38 66
49 86
30 85
99 72
3 44
16 50
12 73
92 35
24 96
66 14
64 47
59 97
81 24
34 45
93 18
88 56
27 46
1 74
21 13
28 41
42 4
53 34
3 99
85 27
55 30
63 44
98 48
79 14
32 69
13 92
58 10
89 71
88 99
69 19
20 89
2 89
66 21
43 81
43 72
29 75
22 34
34 72
80 46
79 26
60 97
89 52
40 88
42 47
53 76
21 33
41 85
92 11
41 22
92 32
29 55
91 42
83 26
22 56
14 72
75 77
80 43
50 78
89 51
15 61
11 45
54 33
13 71
80 57
72 63
72 35
96 79
99 8
88 10
29 79
91 87
21 21
72 88
19 37
9 78
48 52
2 61
64 65
40 42
95 80
57 92
20 92
1 49
52 85
44 4
54 5
57 63
61 7
72 89
28 81
91 32
10 4
8 90
31 70
33 74
15 70
76 47
44 3
93 25
27 31
11 70
90 67
88 14
60 3
83 72
33 95
86 46
48 65
40 35
11 34
5 2
66 32
86 58
93 28
5 3
23 63
97 3
16 47
1 28
86 88
42 54
80 21
37 95
29 19
38 56
95 6
9 4
71 23
18 25
0 43
98 46
86 45
1 33
47 10
11 76
89 37
63 70
58 6
4 52
3 82
27 59
94 3
60 29
51 90
67 26
70 28
45 81
96 50
65 44
95 50
17 13
3 52
70 33
12 59
11 20
42 26
50 54
77 21
35 5
56 9
13 47
15 28
78 32
0 15
61 74
15 52
86 25
91 79
4 1
61 66
39 13
5 14
67 59
5 38
32 55
57 96
81 66
37 33
63 55
2 67
91 78
7 96
65 59
11 2
31 75
97 41
79 65
72 64
6 12
79 7
59 54
38 17
23 33
27 35
54 43
74 94
29 72
43 84
22 88
73 95
94 36
46 30
70 37
50 75
84 47
80 74
79 32
10 48
12 65
36 27
7 61
65 79
53 88
36 28
77 43
13 37
78 53
37 87
68 24
88 48
51 24
33 62
97 47
29 29
2 8
34 97
2 65
35 97
80 95
82 68
81 67
29 38
54 26
85 77
5 71
18 50
12 80
37 74
86 71
48 51
42 3
33 47
90 22
17 63
34 88
65 21
35 66
13 67
42 12
11 42
15 13
33 6
28 64
49 27
31 11
68 1
16 30
53 17
86 50
66 8
36 75
44 59
25 35
23 36
65 36
84 16
6 41
10 72
77 74
0 44
98 38
44 71
50 81
77 11
31 22
31 64
55 58
72 87
86 60
46 42
65 38
95 78
84 53
39 1
21 50
93 81
42 40
7 36
17 37
14 40
73 8
67 4
96 86
28 73
40 28
48 33
94 51
18 46
53 27
72 59
98 55
92 21
7 69
27 64
68 10
90 0
20 9
3 61
41 67
28 92
42 92
34 94
21 62
49 67
20 3
43 24
51 91
18 76
72 79
15 56
76 38
27 36
15 96
27 60
97 11
22 73
43 80
7 94
98 49
97 14
49 15
87 38
61 58
9 62
73 65
13 85
90 98
29 9
90 26
6 15
22 80
91 1
30 92
83 5
66 37
7 3
94 86
80 13
94 85
52 88
46 84
94 18
60 31
70 2
68 12
60 50
65 22
71 35
73 71
28 91
33 72
77 13
0 91
67 73
1 47
33 63
49 95
48 84
51 51
52 51
25 60
76 27
99 22
12 54
35 39
93 65
87 20
16 83
70 94
90 38
78 21
86 54
7 9
70 63
37 2
40 79
87 12
17 90
21 69
70 99
44 98
13 66
45 53
89 40
67 54
59 98
38 79
11 35
94 78
65 78
26 4
84 93
33 48
10 37
27 16
32 49
24 31
25 63
45 15
28 99
30 1
27 34
48 0
9 91
9 97
20 54
56 14
89 39
30 8
63 98
33 92
90 99
20 36
93 86
83 71
57 15
97 4
33 31
67 28
32 28
14 95
18 49
3 51
31 92
95 17
2 58
49 24
1 7
88 51
82 7
65 73
87 87
85 87
77 88
60 4
33 85
10 57
5 21
98 86
14 73
77 14
84 43
71 98
99 99
0 66
83 48
57 38
16 36
63 90
82 13
14 55
6 77
45 54
75 43
8 54
75 67
68 3
76 4
98 9
15 88
18 69
61 67
30 75
95 86
64 55
88 91
58 11
65 76
92 27
94 15
57 4
28 63
47 75
57 81
61 50
52 82
31 16
4 26
72 49
66 26
0 81
68 50
34 70
21 49
87 36
87 27
69 41
29 42
93 82
68 89
12 57
75 81
91 36
60 81
0 87
63 53
39 72
85 88
49 12
81 5
28 94
14 3
26 63
53 89
64 59
52 44
99 28
9 61
41 24
28 44
50 32
57 59
94 38
76 83
56 93
34 62
47 80
63 34
93 6
35 21
18 81
57 39
34 18
79 83
20 78
83 42
31 23
92 37
96 84
32 47
49 87
9 96
39 20
45 97
26 86
32 42
75 80
76 89
80 58
52 58
0 53
61 75
58 36
42 60
47 85
13 48
71 10
54 12
58 69
57 75
96 30
40 96
32 5
65 85
74 73
10 59
3 38
26 52
6 8
27 70
42 96
13 42
9 77
50 59
99 40
44 94
7 58
71 7
40 46
52 35
42 87
20 1
73 7
68 60
53 19
43 56
46 10
64 43
60 53
92 94
4 25
21 54
15 10
38 98
43 79
75 5
79 1
27 79
31 72
94 57
86 95
76 13
95 87
95 0
18 57
50 2
24 90
51 22
89 82
14 59
94 72
25 21
79 70
75 39
76 87
30 78
54 91
32 25
47 26
49 84
7 24
49 37
95 88
37 53
35 3
67 56
17 57
49 2
42 36
68 95
57 17
12 81
95 10
59 25
73 36
66 68
35 70
25 79
30 3
56 95
16 77
13 73
74 30
67 32
84 27
44 63
42 7
6 27
66 70
85 46
34 14
86 15
64 52
52 53
8 42
50 28
27 67
52 4
93 83
31 79
38 42
49 51
34 16
97 96
12 29
80 59
42 32
18 54
48 13
12 27
70 80
8 79
55 95
92 63
56 52
12 97
72 2
4 77
81 79
85 44
53 95
62 88
24 14
83 83
61 10
7 1
2 55
82 82
9 94
71 79
95 35
37 69
96 60
86 87
30 57
93 60
74 6
45 30
49 25
49 72
80 66
19 52
53 29
11 98
73 93
98 0
39 2
61 22
53 40
53 4
17 58
62 90
45 93
70 56
84 20
38 76
92 14
53 6
93 64
31 89
95 99
69 22
7 50
39 16
20 63
52 77
47 25
77 97
81 38
18 12
40 62
90 59
47 67
75 66
24 68
1 94
45 42
60 91
78 99
38 27
33 66
21 38
38 10
10 45
32 16
1 15
40 75
19 8
72 74
99 86
29 69
5 11
43 60
47 44
75 47
24 32
84 97
18 90
23 40
68 51
14 35
8 11
87 86
18 33
34 57
1 20
5 37
93 14
77 48
58 14
51 5
44 96
93 66
26 53
44 53
11 60
71 41
12 2
63 93
26 42
54 9
14 39
50 5
39 36
13 94
77 26
2 92
5 53
36 41
21 77
90 72
50 67
31 20
88 15
35 14
76 48
59 74
16 14
30 32
13 7
23 78
42 27
78 90
1 46
19 1
35 86
46 98
89 61
47 64
58 72
99 76
76 52
34 92
89 35
93 89
49 39
52 50
93 88
99 0
21 91
70 46
10 81
45 75
83 1
70 69
85 2
4 93
8 61
35 93
71 67
14 53
48 44
47 27
23 66
27 18
64 31
98 99
18 66
44 76
78 51
94 98
53 78
83 3
97 29
59 37
82 50
17 85
39 11
97 5
2 6
99 39
8 50
83 41
41 13
14 62
93 38
41 75
47 92
99 32
88 44
88 1
63 0
58 5
88 46
98 96
29 46
29 48
76 67
42 73
78 36
14 64
66 52
81 8
74 66
97 25
61 28
45 21
81 72
87 35
1 84
60 75
73 6
30 37
69 78
77 77
20 94
55 1
20 93
5 32
74 86
49 80
13 59
6 88
25 23
92 3
76 76
30 6
36 6
40 72
81 4
74 80
65 65
38 48
72 32
82 90
99 92
67 39
10 17
36 76
59 77
96 77
70 50
82 64
86 10
27 39
49 21
76 31
13 13
18 91
15 71
39 7
6 22
59 73
61 48
55 70
67 9
47 30
53 46
19 75
12 96
38 26
28 45
81 55
48 66
63 69
49 53
54 76
65 23
6 18
45 74
22 57
94 49
10 26
30 61
42 97
6 43
33 58
5 99
16 96
47 50
5 45
48 75
76 75
17 97
34 2
7 64
43 57
51 49
19 61
65 15
40 87
1 65
9 38
64 78
51 69
30 39
66 41
20 37
74 98
54 50
47 39
22 23
43 31
22 60
95 12
32 14
89 65
61 12
80 87
60 18
47 15
4 56
4 73
83 78
73 97
30 31
90 89
33 82
4 31
24 62
98 53
91 74
44 73
67 48
12 44
51 16
84 30
88 58
81 32
96 64
35 20
92 75
7 29
93 22
74 92
51 8
51 79
93 90
8 56
7 27
0 26
47 73
17 99
69 50
14 93
88 55
78 42
28 77
26 95
11 92
12 12
91 90
4 83
97 28
69 14
38 32
83 34
5 33
7 6
38 19
60 20
68 13
59 2
61 63
11 81
78 50
24 9
2 11
18 3
80 94
26 22
24 63
50 42
92 28
52 71
16 91
35 33
18 52
25 53
61 55
63 65
19 30
5 97
93 11
22 63
72 12
6 85
8 3
4 78
90 42
27 94
0 70
45 32
60 25
67 36
44 62
15 82
31 13
61 77
49 3
72 82
23 18
18 7
34 9
0 77
16 89
36 14
64 83
29 94
44 64
32 39
52 16
10 15
80 5
81 6
78 31
2 71
16 13
41 17
39 85
74 22
12 71
35 44
66 99
25 44
40 60
85 0
47 21
58 22
57 12
34 40
93 16
43 54
39 4
89 86
3 59
56 39
0 98
9 10
75 86
13 68
59 72
39 84
69 24
42 35
80 16
67 63
0 22
94 24
98 15
25 39
96 47
44 48
12 68
85 96
50 49
34 0
98 67
35 79
76 94
26 21
96 80
98 64
92 50
54 54
29 53
95 47
62 14
9 55
33 19
81 61
81 12
74 15
65 50
28 29
71 63
42 71
85 91
18 34
9 93
55 56
21 60
95 51
70 67
86 86
65 49
51 95
30 94
73 53
63 9
62 22
5 72
80 63
82 16
37 6
35 74
58 32
30 0
27 69
30 29
98 12
33 88
98 82
94 8
43 40
59 91
56 58
53 36
43 53
84 70
83 31
45 94
63 40
63 68
18 84
37 70
97 22
8 35
59 7
93 43
93 23
65 31
45 37
64 92
91 48
11 64
85 99
71 50
23 99
54 72
34 67
63 94
0 5
8 72
73 13
61 34
70 88
30 86
65 9
29 80
86 97
99 6
6 62
71 93
11 29
6 74
40 92
91 56
59 29
85 67
14 82
87 56
67 14
50 35
74 47
57 6
67 10
75 93
30 22
63 24
77 22
57 68
9 23
27 90
61 0
55 94
73 81
12 99
72 22
10 77
97 80
86 43
5 81
15 23
76 32
25 62
99 33
97 67
72 97
65 45
53 10
52 64
33 76
98 42
7 91
26 75
68 75
15 11
26 88
36 34
60 21
53 7
79 15
39 65
23 61
91 44
37 3
85 32
1 41
60 85
41 74
56 20
89 79
20 30
95 30
16 21
90 57
74 97
46 23
74 31
29 82
27 26
80 34
15 24
82 79
59 15
67 25
86 30
11 16
62 2
6 54
4 30
14 28
85 10
76 79
49 23
71 83
81 93
24 8
55 21
57 46
57 42
59 56
61 78
41 7
83 7
10 82
45 1
9 68
36 42
23 62
11 84
19 4
7 45
87 6
76 39
29 18
71 94
74 68
97 89
1 8
66 24
21 39
35 99
6 6
44 90
17 74
28 6
78 64
78 43
18 24
94 56
36 57
86 34
96 54
62 91
49 35
22 53
0 47
64 0
12 37
48 50
74 95
31 7
28 53
81 64
33 3
81 16
21 20
10 35
47 46
95 92
40 45
84 68
36 21
3 67
71 89
48 49
83 0
17 26
72 10
6 64
59 46
18 93
1 83
12 84
24 25
64 10
18 95
1 11
15 89
65 92
57 71
27 62
32 70
31 74
22 10
46 34
26 18
63 30
55 0
63 29
71 69
29 49
34 21
19 59
2 52
0 1
34 79
83 98
98 4
23 48
40 61
51 30
8 12
15 15
23 22
83 52
88 88
59 19
58 46
40 67
84 91
3 79
90 4
15 86
20 68
43 48
20 5
19 16
41 70
50 55
41 80
45 19
33 29
46 58
95 60
38 1
19 81
70 73
89 55
13 84
64 96
41 48
78 67
4 28
9 52
87 18
79 81
79 78
14 14
37 30
95 90
73 16
34 65
42 78
39 10
32 96
54 20
20 35
85 39
67 77
57 85
60 55
64 73
73 68
95 52
30 50
72 77
32 6
51 81
25 22
77 69
51 20
55 8
98 54
9 19
58 92
10 85
11 78
61 68
95 93
51 46
34 25
53 53
41 94
72 48
18 99
50 39
77 24
51 53
25 7
60 17
55 37
45 16
76 18
84 81
97 87
53 28
39 56
43 43
88 66
53 75
97 10
99 1
64 56
29 76
33 37
56 34
75 20
34 61
14 78
23 9
15 75
98 32
60 40
21 87
34 15
19 95
19 27
3 88
47 93
68 99
76 63
85 1
90 40
30 95
40 33
14 30
82 25
83 66
89 21
91 6
21 34
68 15
38 38
98 77
89 73
38 59
29 16
50 41
45 57
67 0
68 84
64 14
86 20
12 30
20 47
63 72
49 64
8 48
87 30
48 12
49 94
11 36
14 38
50 80
10 68
86 96
23 35
46 39
81 48
40 19
65 46
22 30
24 24
25 90
19 98
88 18
31 53
81 2
52 86
96 0
36 36
49 20
12 35
22 8
99 48
36 31
22 65
3 78
79 18
61 26
8 19
61 18
14 23
96 58
6 92
55 60
48 94
46 32
50 97
70 15
72 21
99 61
60 46
99 20
63 20
45 70
51 43
5 54
15 84
85 38
69 70
34 12
62 1
10 6
69 86
30 12
78 57
17 66
69 80
31 63
5 0
15 62
17 65
71 12
68 86
55 87
24 92
39 17
77 46
53 83
67 31
16 82
42 69
74 64
53 55
41 11
6 42
45 98
86 64
38 20
15 47
99 49
8 52
86 56
86 49
18 0
66 94
22 74
56 35
67 76
65 19
34 23
65 27
44 70
0 64
22 4
6 89
67 55
24 49
99 18
14 83
26 72
68 36
71 45
26 54
93 51
27 50
65 48
27 4
14 7
30 28
7 57
60 56
19 64
62 95
50 48
79 69
84 23
12 7
30 91
26 66
4 87
88 42
2 10
40 11
80 22
46 26
64 34
52 15
76 12
64 66
18 89
32 85
72 4
92 66
20 32
85 82
22 42
52 91
77 91
76 71
62 19
58 33
50 92
1 73
77 51
41 77
31 4
61 30
23 95
65 77
64 7
71 96
84 66
66 49
31 41
52 92
39 3
61 64
82 39
8 44
97 40
4 13
43 46
52 36
20 80
42 29
78 18
9 17
36 0
73 76
68 37
14 37
41 53
62 45
91 54
37 12
20 48
63 61
73 22
93 58
4 94
62 81
65 87
92 17
7 71
78 2
80 10
63 6
17 34
9 53
77 81
55 51
31 87
6 71
81 19
68 47
2 24
43 62
29 21
71 37
12 90
97 92
73 37
27 27
52 26
10 9
73 82
65 55
4 8
64 18
20 12
81 36
53 3
37 48
14 21
33 13
20 69
80 92
0 3
46 67
49 32
40 89
68 67
32 11
0 49
35 7
64 97
70 1
15 72
53 50
67 33
75 52
94 43
28 49
58 76
67 95
97 19
79 64
46 38
0 20
11 94
71 22
3 76
0 31
76 70
48 34
96 81
36 88
0 83
79 91
80 64
54 70
77 63
17 86
27 48
41 54
59 45
70 31
56 15
90 1
34 58
25 92
3 0
51 67
21 64
95 73
56 60
17 32
0 52
92 80
81 42
88 60
89 13
59 57
33 93
31 65
44 13
6 31
90 31
16 95
10 0
23 52
10 5
14 2
54 13
45 66
72 25
14 75
25 95
7 7
58 2
88 40
53 85
39 23
88 82
44 21
71 71
80 52
75 83
77 93
56 56
17 14
1 19
35 2
4 51
39 66
56 12
83 53
43 25
12 87
77 53
80 40
0 69
66 31
86 81
6 34
80 33
15 7
68 88
4 85
26 91
49 19
73 17
31 49
57 88
88 38
25 93
25 54
17 49
12 60
55 4
83 45
37 72
13 43
16 32
17 59
50 26
97 60
81 68
80 79
7 20
23 57
46 65
56 81
17 12
86 22
59 10
12 18
37 45
16 24
62 79
45 58
13 62
94 14
19 46
17 48
8 62
65 52
48 1
82 14
57 16
81 20
44 61
45 45
97 51
92 59
55 67
91 64
20 46
84 1
43 29
62 62
10 14
9 73
35 77
74 76
86 19
89 99
51 93
51 18
28 75
65 68
57 47
90 91
67 1
34 28
20 23
82 4
80 6
45 48
52 55
69 90
77 80
95 42
52 45
93 20
41 56
46 7
20 97
14 47
56 28
91 16
25 6
37 31
20 98
37 80
73 49
81 1
65 14
61 4
29 86
34 82
74 69
19 91
29 8
24 0
10 22
83 47
22 98
38 96
77 23
16 49
28 72
55 59
74 16
90 95
5 76
98 17
9 51
69 26
84 5
84 17
91 82
52 49
27 85
26 49
99 57
77 87
59 14
4 21
66 80
13 12
95 13
27 73
95 20
24 93
20 39
43 78
42 21
19 65
21 7
5 1
93 91
18 78
84 46
36 69
75 54
88 36
36 25
45 8
31 2
21 70
27 44
44 8
83 33
73 55
2 77
46 24
35 48
6 40
72 33
64 17
40 74
3 32
2 53
75 42
14 74
76 2
5 68
74 45
53 72
29 88
34 55
58 59
72 67
93 80
73 48
77 18
40 23
4 15
60 38
48 74
54 27
24 36
35 83
51 58
76 10
14 24
53 32
77 12
49 65
84 31
32 81
38 14
28 56
69 36
6 70
97 98
89 70
6 81
97 94
34 75
70 9
7 34
78 20
89 38
44 60
95 38
4 2
58 54
94 63
74 34
59 17
8 95
58 16
86 7
41 32
14 61
52 8
3 48
48 10
32 76
78 45
25 27
35 18
9 46
82 15
57 55
73 87
97 30
37 81
6 45
46 72
80 45
15 76
34 64
70 26
40 43
38 84
55 18
78 5
70 45
32 65
37 76
2 70
96 16
50 96
90 33
75 40
4 3
5 79
97 62
17 8
95 24
87 7
57 13
44 36
41 50
47 7
39 54
72 6
18 56
0 28
89 93
41 78
48 31
97 20
74 7
48 55
48 19
13 91
49 93
83 37
86 27
96 93
85 15
94 92
11 11
57 80
72 8
50 38
98 27
16 84
74 58
94 21
15 27
28 83
27 42
96 6
79 62
2 81
25 18
47 65
2 69
76 65
26 14
91 34
67 43
73 56
85 13
10 16
46 49
97 35
12 70
16 90
7 81
13 60
8 84
2 54
54 92
12 75
55 76
36 98
80 8
27 86
89 34
85 12
43 1
91 12
79 41
30 17
92 9
35 23
42 1
72 13
39 91
38 87
32 89
40 22
66 7
89 95
13 63
53 1
2 88
24 29
7 46
17 44
15 4
51 70
78 69
54 29
50 21
16 19
76 56
28 34
8 73
38 70
72 93
50 30
28 87
89 92
46 29
63 83
83 81
13 87
61 51
9 70
83 90
8 86
21 75
19 76
71 56
25 45
92 78
39 98
74 88
50 19
3 46
83 61
32 53
95 21
61 15
59 4
27 6
17 16
31 97
90 44
78 92
64 15
39 88
86 31
93 57
37 40
18 5
60 13
53 45
89 48
79 49
5 18
16 87
53 24
91 81
67 47
98 22
80 86
40 1
5 61
62 64
31 96
65 82
99 34
8 63
29 65
60 60
51 44
64 84
12 16
72 55
58 81
23 56
76 41
19 25
76 42
8 97
39 62
63 3
79 99
33 83
80 65
75 72
66 38
94 2
41 88
45 86
47 66
46 22
89 43
0 55
78 49
18 96
58 1
37 39
44 52
69 37
85 23
21 99
15 78
25 81
24 71
20 26
92 10
66 5
56 69
90 21
89 36
8 88
10 2
50 63
73 0
29 30
25 14
95 64
2 28
87 92
31 45
94 27
71 62
64 3
22 47
12 58
3 60
2 17
5 88
81 96
69 77
93 59
64 88
89 1
29 97
35 8
50 86
7 23
94 84
69 56
51 87
85 66
10 3
55 39
67 19
83 11
96 99
90 58
72 60
72 84
43 27
89 62
99 35
35 25
78 11
42 57
31 19
94 1
11 3
91 53
23 90
49 38
57 98
48 62
11 10
38 50
82 69
48 54
81 58
17 93
16 26
9 5
8 51
88 5
95 1
63 75
10 54
11 86
23 21
48 39
15 21
36 30
61 91
78 76
75 84
77 73
63 76
6 69
11 7
3 95
79 97
73 83
47 51
40 53
32 18
81 62
17 53
4 43
75 13
41 84
37 7
28 65
4 55
62 13
84 41
56 77
41 66
63 19
3 56
9 47
54 79
78 7
1 38
92 60
66 86
2 63
14 46
34 76
1 4
40 44
89 77
64 42
53 54
13 18
38 7
18 74
98 34
22 69
2 2
12 22
1 66
15 90
95 37
78 54
84 85
90 96
86 53
61 38
28 33
92 46
22 86
85 51
94 45
40 4
3 6
45 36
24 58
87 97
7 38
37 75
27 88
65 37
75 92
22 66
12 69
45 12
57 94
3 10
70 70
30 69
88 59
30 33
17 11
18 61
6 11
51 80
77 83
33 77
76 44
15 34
43 0
74 48
83 58
50 61
59 76
14 10
71 9
92 61
20 13
32 8
7 72
73 46
61 80
10 60
26 48
75 36
67 34
82 80
95 69
36 2
78 19
31 39
26 25
42 41
60 82
60 86
78 98
76 51
90 19
20 75
5 16
70 3
76 20
6 25
52 2
48 96
26 87
21 57
73 73
26 26
80 24
56 13
40 5
86 24
10 55
12 46
75 50
28 86
31 60
60 99
52 17
32 97
78 78
89 54
87 46
88 12
46 11
40 36
81 85
71 20
14 76
66 77
36 83
34 44
81 65
17 0
2 72
77 44
81 7
59 36
30 62
91 51
58 24
57 74
31 77
29 45
30 89
32 67
73 34
99 63
77 65
77 17
74 59
71 54
17 82
36 52
65 72
92 86
66 73
3 62
77 92
27 52
71 70
54 65
99 47
35 11
76 33
12 53
76 64
60 72
3 49
61 89
14 33
2 35
1 23
10 73
87 54
39 25
43 30
30 51
17 89
47 17
32 7
15 64
37 92
83 29
70 53
32 4
69 58
22 5
30 90
13 99
2 42
95 91
47 88
16 63
2 3
32 27
60 47
58 97
82 74
47 4
37 38
85 79
51 1
14 57
31 10
16 37
55 16
91 0
71 55
39 35
84 39
85 56
2 93
47 56
55 93
97 38
92 70
1 26
17 84
71 73
88 94
31 55
33 15
71 97
95 14
72 53
77 72
69 59
84 71
52 9
61 72
60 64
55 19
82 28
20 52
48 32
18 83
34 20
0 2
28 51
37 17
99 19
3 36
70 78
76 43
61 82
10 76
59 66
69 45
79 34
44 57
95 59
19 62
2 30
11 96
66 91
23 10
88 86
82 99
83 49
32 38
92 87
26 76
92 76
4 27
91 85
74 90
13 55
97 17
0 79
63 56
33 60
69 33
9 59
91 7
87 82
35 42
63 13
21 35
21 12
28 19
86 78
84 18
36 18
25 68
14 49
65 25
7 88
3 29
37 61
58 55
66 62
73 98
59 78
57 84
61 16
13 11
23 38
33 45
80 12
75 59
17 69
76 24
55 27
40 34
48 11
35 56
35 65
39 37
46 68
19 82
65 3
53 96
97 88
80 29
29 89
54 53
14 1
70 8
54 6
18 77
78 91
44 15
25 24
44 77
58 62
22 39
54 88
26 90
69 57
91 35
59 84
90 15
89 63
69 63
50 51
92 40
56 40
67 58
53 33
57 82
99 44
16 57
85 28
88 72
11 87
39 22
23 70
43 18
5 62
26 97
83 2
24 66
46 57
9 79
10 30
3 16
34 52
99 45
54 44
27 12
46 62
89 46
64 38
48 60
35 40
98 84
97 49
11 30
95 56
74 60
21 85
72 31
66 4
6 75
75 56
14 6
52 96
65 54
28 26
75 3
57 37
62 26
86 26
88 93
42 67
54 14
45 76
58 29
7 66
68 33
24 85
67 30
89 98
26 82
2 12
24 79
45 20
3 54
88 27
46 89
43 23
85 26
34 30
49 1
65 70
66 64
63 79
72 34
87 11
94 0
18 40
7 83
33 90
60 65
34 87
46 53
89 17
44 18
30 67
14 81
16 88
13 69
42 16
1 71
44 55
29 39
61 25
80 69
56 68
94 60
92 51
63 2
51 10
13 54
23 94
12 66
49 33
53 39
37 91
9 76
24 18
78 38
81 87
69 96
20 10
58 8
88 13
92 39
47 59
76 62
61 85
59 80
64 30
6 48
28 66
99 3
54 75
77 40
70 98
9 58
30 98
78 97
29 33
78 74
38 8
4 22
43 93
53 93
93 2
87 48
8 70
38 71
82 57
17 64
48 37
69 60
51 82
4 47
48 87
70 47
91 4
44 91
62 76
60 79
14 8
59 31
41 69
78 39
55 48
37 71
10 39
31 3
65 58
36 48
99 66
84 38
62 18
65 1
67 65
8 33
69 20
42 15
13 80
16 65
83 96
97 56
89 89
29 44
65 97
23 44
83 73
52 87
11 67
16 42
97 84
14 44
58 7
25 86
59 27
98 69
62 65
0 19
1 24
54 90
65 71
61 83
72 98
37 41
47 94
76 99
84 22
95 68
32 84
39 39
26 57
51 60
25 8
70 17
8 41
36 80
20 27
81 74
49 89
25 78
10 23
84 4
35 41
4 33
93 55
90 66
54 73
22 46
83 22
97 63
8 68
34 36
39 69
54 78
5 78
40 82
80 71
71 44
68 9
56 74
56 67
71 75
88 98
86 51
82 66
40 47
96 20
74 19
16 76
91 5
55 98
37 5
79 82
36 61
47 86
39 78
73 44
56 45
43 47
31 67
67 86
94 44
52 10
17 39
81 60
44 19
48 90
1 80
24 20
35 26
75 35
11 4
15 48
34 48
50 58
32 13
16 97
84 55
43 16
86 62
46 25
75 4
62 94
45 85
69 12
14 60
57 32
57 1
7 18
31 73
32 54
38 35
56 98
66 54
93 10
52 21
87 72
70 48
48 73
16 17
80 19
75 46
48 3
46 37
75 90
22 55
58 45
63 14
27 33
37 83
70 92
81 44
21 95
58 94
7 44
27 54
64 94
69 97
4 59
68 79
59 71
33 80
56 71
53 42
2 57
0 32
66 20
21 32
95 27
35 75
12 79
67 40
71 48
95 2
67 60
23 64
84 88
16 5
44 25
89 80
6 86
38 93
39 48
94 71
87 88
93 39
67 44
66 47
79 8
49 92
0 9
97 55
85 54
84 37
47 2
67 88
27 41
63 32
39 71
72 9
71 58
51 66
11 80
78 52
30 24
20 15
48 36
95 66
54 16
55 64
57 40
75 17
98 95
93 31
19 79
77 67
64 27
14 22
74 71
49 52
32 1
65 69
10 88
48 57
10 47
80 37
53 44
27 98
71 39
3 5
66 51
52 62
17 4
71 24
59 8
55 78
38 99
22 91
33 69
80 70
55 36
77 47
55 47
0 88
55 54
27 96
1 35
80 30
10 31
90 83
67 41
72 94
88 92
22 9
95 45
31 59
36 99
42 48
7 4
7 68
77 28
58 18
83 20
48 68
67 67
24 17
0 46
27 87
70 14
55 89
65 2
88 95
31 57
52 33
36 12
46 50
24 98
87 47
50 29
48 59
80 56
84 28
8 20
52 78
46 31
53 37
70 58
1 2
14 34
76 8
71 0
14 45
91 40
63 1
74 75
28 48
17 31
84 90
52 48
9 81
51 31
22 28
70 83
26 31
82 36
25 64
53 5
94 23
9 0
98 50
23 24
37 4
27 1
49 66
42 65
5 83
30 7
96 71
72 47
19 29
36 93
29 43
52 95
22 61
92 82
63 35
88 25
31 32
24 97
37 62
88 43
99 87
11 79
96 23
59 64
19 35
43 36
55 71
83 23
91 88
78 44
70 84
90 8
59 47
40 3
81 84
6 51
99 11
26 19
2 20
9 50
49 16
85 98
94 93
44 95
90 10
44 78
35 95
83 86
68 90
90 6
80 18
26 47
56 78
6 98
93 46
89 6
69 67
94 25
34 5
61 88
29 81
34 47
72 58
4 97
32 79
75 85
77 56
47 97
82 93
93 93
26 3
72 90
46 85
98 61
69 52
27 47
82 11
75 48
23 32
14 0
38 81
26 27
30 93
29 2
2 73
67 64
12 86
19 31
50 68
57 67
35 68
94 46
83 16
36 63
51 61
52 52
59 59
19 77
23 65
58 91
73 69
21 58
32 24
30 87
31 8
29 41
21 16
54 85
18 11
51 89
41 27
6 21
18 98
85 93
5 23
25 28
22 71
27 49
16 46
50 57
88 37
34 84
98 7
88 30
7 84
50 62
67 90
80 11
97 99
72 46
51 84
89 50
75 31
93 50
21 42
18 82
15 80
16 92
48 4
30 52
6 5
23 11
51 68
0 72
39 80
79 53
1 79
90 69
51 76
36 67
27 19
18 86
85 53
46 1
66 6
26 83
5 90
90 63
72 99
5 39
17 79
53 69
51 77
56 83
20 49
60 12
92 56
4 35
31 54
56 85
70 22
59 94
87 34
99 64
70 44
13 20
32 40
43 14
55 31
17 21
87 14
98 98
72 30
90 56
11 59
39 74
42 5
78 59
30 42
18 60
34 39
85 72
90 9
85 7
95 96
88 2
82 35
93 67
76 81
41 31
73 89
90 77
50 36
23 59
3 77
16 0
36 68
23 55
18 18
96 88
98 36
16 41
92 91
19 44
76 77
82 17
1 32
29 7
8 36
17 77
68 31
51 85
71 15
43 44
85 47
86 4
82 59
50 50
85 86
98 45
55 12
53 13
61 56
1 3
35 6
75 15
41 83
97 90
20 91
75 19
28 71
63 41
97 7
80 32
50 17
27 40
99 23
48 2
85 65
75 24
85 89
98 47
39 68
43 6
22 51
98 3
66 92
78 56
47 34
20 99
58 93
10 93
94 6
41 44
62 67
79 98
31 24
14 68
30 19
68 55
58 61
96 18
27 2
92 83
70 95
43 71
52 67
64 69
65 35
81 0
61 90
32 74
21 61
43 11
52 98
60 48
98 26
51 12
17 72
56 27
56 11
73 80
99 78
71 87
85 24
77 41
58 85
97 6
58 73
27 38
76 36
99 42
29 23
59 35
87 1
10 12
85 74
84 72
5 20
5 57
55 90
81 63
44 74
77 7
72 72
95 28
28 98
24 27
45 95
83 21
59 67
27 51
19 90
28 2
54 22
2 13
49 9
25 26
75 94
36 47
77 96
45 56
1 17
35 51
9 18
60 58
75 79
78 4
11 52
1 96
79 31
73 1
77 20
0 54
85 21
49 78
20 90
24 43
32 58
16 2
99 25
83 82
92 5
83 68
13 40
77 71
54 67
81 37
80 78
92 22
60 76
61 3
24 76
67 82
93 41
3 1
82 72
67 38
27 63
27 82
77 82
91 97
89 88
56 5
4 16
25 51
19 88
65 89
1 63
12 45
29 58
59 79
96 34
2 47
72 73
75 6
27 61
18 94
36 1
39 86
12 61
37 37
3 7
46 69
66 30
51 59
55 22
53 30
78 9
27 29
98 19
91 68
38 92
59 60
72 78
78 55
81 26
10 38
49 99
54 31
3 97
72 76
73 10
47 6
62 97
28 40
87 84
98 8
62 39
89 9
1 44
98 75
66 39
40 29
29 90
72 62
34 27
17 50
44 26
69 91
48 78
3 12
30 54
0 48
74 1
28 0
31 38
54 63
98 25
31 83
13 15
70 76
13 8
3 70
35 67
56 97
51 73
61 45
20 73
28 61
52 72
63 15
37 58
57 66
15 69
6 78
92 85
85 14
52 54
79 68
18 17
5 7
75 55
69 83
85 19
3 66
52 28
85 69
11 91
56 23
19 42
67 93
43 42
93 70
45 38
14 54
39 42
45 69
54 68
29 67
76 78
39 28
67 51
64 11
91 49
97 18
42 99
54 19
16 29
23 6
21 31
50 40
86 21
45 24
93 21
59 42
8 23
79 72
72 29
19 11
4 65
39 30
63 60
9 25
23 86
11 68
60 51
16 78
10 42
99 56
57 60
68 42
28 88
47 91
57 2
46 59
61 84
42 80
25 84
75 45
26 69
29 13
4 64
4 58
70 64
66 75
92 47
23 96
56 62
57 93
3 93
30 47
45 55
28 76
85 34
37 13
14 58
35 55
67 13
62 8
61 97
92 62
69 95
0 92
54 41
95 81
71 99
67 72
80 68
17 43
0 38
62 60
90 46
28 93
59 48
67 68
16 33
32 31
9 99
89 32
42 42
94 26
95 15
20 20
70 41
80 91
43 63
82 61
56 94
23 2
75 21
98 51
11 0
18 48
26 51
65 88
98 92
12 76
92 20
21 89
19 94
85 18
90 54
40 76
52 1
29 66
16 48
53 61
78 83
78 0
17 7
6 32
22 38
77 54
74 54
1 69
48 91
70 7
80 83
22 26
45 28
57 28
64 23
93 53
98 31
75 26
18 47
88 11
89 96
95 94
31 6
12 98
39 44
85 42
18 9
36 86
85 16
44 58
26 12
46 86
31 78
31 56
73 85
99 50
36 59
1 27
71 34
53 99
32 63
0 89
27 24
21 48
25 41
91 26
4 24
76 7
76 95
47 78
39 90
43 26
9 24
9 34
49 55
91 75
51 72
27 58
59 41
46 4
79 42
28 46
68 54
69 64
55 68
55 84
73 30
56 43
86 29
53 98
96 39
82 23
11 21
40 55
68 91
1 98
52 14
78 14
98 70
28 70
82 22
55 2
45 61
82 6
85 30
52 0
92 2
85 20
30 80
25 15
64 21
33 38
77 99
51 4
34 51
34 50
68 44
54 30
76 82
22 96
36 55
97 74
22 18
30 11
91 33
50 56
7 60
21 9
55 34
95 85
65 28
2 59
56 51
21 17
83 24
82 88
3 30
76 61
97 45
71 29
64 54
17 19
52 18
24 80
52 74
50 64
69 69
38 94
81 18
14 18
35 96
96 87
3 53
82 1
64 98
20 25
44 50
59 89
89 58
20 18
94 48
31 0
70 35
8 96
99 14
53 14
59 22
47 8
95 29
38 95
70 16
3 39
15 57
87 9
69 61
93 24
50 99
71 82
90 71
32 57
96 42
86 8
94 7
52 29
54 11
75 88
36 37
42 66
92 98
39 81
64 87
14 67
36 74
60 11
93 85
54 84
14 17
75 53
78 58
8 55
90 79
44 65
65 24
6 29
62 4
17 94
56 66
35 61
97 82
91 58
26 98
99 80
9 69
75 71
19 92
28 1
29 77
85 52
17 35
37 1
23 91
47 95
21 82
87 3
41 92
16 38
13 83
49 29
68 21
75 29
21 96
64 89
41 10
61 79
17 83
34 81
75 37
64 63
85 58
46 27
82 26
16 22
6 36
56 64
83 80
27 72
5 89
44 49
34 19
82 34
12 49
81 91
59 81
89 67
22 7
4 70
10 8
23 14
41 21
42 2
96 31
3 74
64 85
59 16
88 79
82 8
7 92
16 79
99 52
14 4
51 39
39 9
42 0
2 98
28 84
4 10
45 84
29 35
17 38
33 12
94 31
88 17
5 65
31 1
37 25
26 11
9 60
93 99
48 81
26 15
69 28
35 53
12 11
51 52
80 42
44 88
87 32
10 84
13 75
99 17
19 58
0 6
30 74
5 69
41 14
28 10
26 45
35 87
84 99
25 33
64 67
63 43
57 27
22 81
12 92
97 78
58 90
13 79
69 6
37 29
1 50
35 88
39 12
16 75
9 15
10 65
27 14
65 12
28 21
50 12
21 10
55 62
36 29
54 2
86 38
21 84
4 6
93 52
6 33
40 99
99 82
70 57
64 91
45 2
82 96
38 85
76 57
85 68
37 77
6 82
44 2
38 54
52 81
18 63
51 7
40 40
88 75
18 16
82 2
57 79
84 9
29 37
28 23
25 80
20 74
80 67
57 87
66 36
96 32
70 36
76 40
42 31
32 34
93 27
12 25
65 81
11 13
0 29
26 58
0 16
40 21
96 69
75 10
82 43
12 26
10 78
60 54
15 85
99 58
10 24
87 65
13 27
10 44
22 21
71 40
56 2
97 32
5 29
79 38
26 74
87 29
61 14
63 12
19 60
32 26
64 60
35 46
2 64
7 15
72 70
45 65
5 85
88 19
59 51
54 10
15 51
88 22
89 56
25 87
25 66
52 40
76 59
11 38
8 82
60 33
6 58
16 16
80 51
67 57
94 91
60 61
20 19
21 80
61 2
18 45
50 23
91 37
52 42
38 53
41 97
8 14
84 49
89 47
36 78
51 64
78 10
18 41
2 7
70 87
53 56
55 88
78 3
48 61
40 12
63 45
70 13
67 6
84 11
72 51
10 25
67 23
79 17
75 64
60 45
7 43
16 67
8 77
44 67
53 94
1 21
35 37
64 39
90 37
86 57
79 37
68 46
33 56
57 73
38 33
27 80
94 50
58 49
55 13
25 99
61 1
46 99
13 1
15 20
87 71
1 45
81 30
7 14
96 14
24 61
77 98
29 84
3 23
91 57
68 5
57 72
4 86
3 71
74 87
62 80
87 75
92 6
49 5
67 22
57 18
42 49
45 7
2 44
10 99
59 11
45 39
13 0
27 10
58 98
93 3
58 47
47 40
16 53
48 82
94 77
13 57
73 67
74 89
87 67
26 59
61 5
92 13
29 73
40 64
69 75
93 56
23 45
68 97
3 9
60 52
88 77
6 72
33 22
31 29
2 16
8 89
88 85
75 78
9 41
37 16
90 17
16 3
7 78
46 14
46 0
34 78
95 25
41 71
38 68
12 63
32 83
49 34
68 94
75 33
12 62
2 19
1 58
73 74
23 71
84 32
83 54
44 97
86 11
38 24
64 19
25 4
59 39
50 45
0 40
44 99
56 47
40 90
19 68
88 73
97 54
89 33
91 99
17 76
68 32
10 49
46 35
37 63
57 57
3 14
38 13
27 68
73 61
86 5
94 20
55 50
4 48
19 72
66 61
57 30
47 11
26 29
32 9
58 0
99 53
46 71
96 27
88 70
31 71
16 86
11 47
6 3
60 26
81 3
9 56
82 81
67 96
33 24
95 65
62 11
44 34
57 54
58 35
93 0
27 78
43 59
98 13
47 63
66 19
57 50
23 80
37 98
29 74
57 43
95 49
49 60
94 73
65 33
85 41
66 59
15 39
12 32
71 42
53 91
56 92
78 73
10 90
31 15
92 31
22 76
61 98
83 15
34 8
29 52
79 44
34 93
29 59
43 95
33 0
66 89
13 90
49 98
89 85
7 73
59 34
95 61
54 25
35 49
72 95
60 27
87 96
25 52
73 58
15 97
95 39
90 32
55 61
68 7
31 21
39 27
87 64
35 1
40 66
20 82
69 87
42 39
94 35
16 34
62 21
76 73
12 39
11 66
62 74
1 14
60 96
48 16
60 19
41 64
37 22
57 11
15 77
75 96
37 52
72 20
90 73
34 59
87 69
76 11
93 48
59 83
36 9
87 16
84 25
41 34
25 57
48 17
49 63
91 96
44 46
0 37
91 2
83 67
57 5
74 26
36 95
3 73
64 77
42 77
12 21
62 83
67 91
29 14
76 16
56 75
16 93
0 82
2 15
62 47
66 28
68 78
60 5
62 31
7 35
30 64
74 20
78 62
50 88
27 30
47 62
25 50
0 86
38 78
72 52
71 5
96 92
38 77
65 10
47 48
86 80
13 98
1 61
50 60
23 93
26 68
58 31
35 17
20 6
87 94
24 2
97 95
33 43
96 66
5 28
25 43
81 43
71 74
26 32
20 62
54 94
98 18
73 42
48 56
63 22
17 2
5 13
14 5
93 44
67 52
55 40
41 30
4 79
17 70
87 0
58 87
55 81
32 3
71 4
78 13
79 90
88 78
77 34
89 49
15 29
0 35
11 49
7 40
25 70
5 59
1 53
82 45
29 31
19 32
83 39
40 69
54 40
35 91
86 93
14 99
66 81
23 47
62 69
94 89
14 20
79 63
54 38
10 61
74 43
30 72
55 53
32 62
12 50
31 12
96 96
95 4
81 39
42 46
0 17
94 79
58 9
70 30
21 59
72 41
32 78
54 51
30 27
48 43
0 42
34 68
10 66
56 59
90 62
8 59
90 30
80 17
40 63
59 96
98 57
62 89
88 28
10 33
4 60
37 64
88 87
82 77
65 53
66 44
33 49
90 25
21 92
62 35
23 98
16 68
10 79
63 16
29 36
27 92
68 8
79 73
41 25
98 71
76 92
84 42
4 36
60 69
19 0
5 93
81 98
15 2
10 97
87 25
97 57
13 29
48 23
35 78
3 92
89 90
24 26
92 84
73 23
70 91
17 6
32 98
82 97
90 34
70 59
15 73
85 3
36 19
52 31
81 46
47 22
54 82
93 75
79 77
8 57
33 98
39 57
95 67
43 74
1 77
8 25
6 66
22 70
2 51
82 44
46 96
84 51
56 84
87 59
60 67
59 99
62 50
69 89
27 43
48 41
32 87
61 27
52 97
24 60
29 28
99 81
9 66
62 72
80 97
6 10
19 47
4 90
37 8
24 84
70 82
42 56
34 46
70 40
74 11
73 79
95 9
85 29
46 2
56 76
40 59
95 70
19 14
44 12
7 8
18 42
38 40
79 24
17 81
97 33
14 29
24 33
54 89
48 47
52 89
79 75
28 78
1 42
58 50
81 95
55 10
3 69
25 31
72 7
97 46
34 66
79 22
9 29
92 71
78 71
2 45
76 1
99 75
49 69
95 18
68 61
22 94
50 87
74 96
98 28
56 4
24 30
88 20
20 85
81 82
53 43
10 71
73 86
23 43
61 36
15 66
55 75
29 71
40 86
53 51
52 94
8 43
5 9
87 26
69 72
79 86
54 46
67 99
52 11
93 4
81 23
71 28
56 17
81 52
39 6
7 65
56 10
63 49
82 87
60 0
14 51
90 75
96 76
61 53
97 66
31 82
62 77
60 77
88 69
61 24
87 66
42 68
40 58
73 21
6 2
55 41
24 45
20 45
59 85
46 91
15 3
48 69
67 2
54 1
50 20
60 57
55 38
55 25
3 34
88 84
29 83
96 28
43 67
33 1
36 3
32 91
85 61
29 87
30 84
74 40
42 85
50 69
23 82
52 30
40 24
71 3
26 40
67 69
32 20
34 85
40 73
33 75
56 8
25 72
64 58
99 93
84 0
92 42
33 59
99 59
49 79
97 81
43 22
32 68
74 51
97 16
8 53
37 93
36 15
9 26
65 57
1 16
92 48
11 90
96 36
14 56
73 62
71 16
78 33
53 68
58 15
92 43
57 89
12 10
34 83
41 47
23 41
43 92
47 5
67 16
35 52
10 50
66 11
47 70
31 30
8 45
83 69
33 33
58 84
27 75
22 44
26 20
58 27
15 46
82 78
83 30
61 11
40 70
26 6
61 59
26 94
24 78
91 43
24 74
2 21
47 20
23 72
37 78
43 19
92 96
99 36
11 28
60 80
43 8
62 52
96 68
26 39
6 30
69 98
22 2
34 60
18 15
95 75
98 79
17 29
5 87
79 16
43 61
7 21
99 5
24 72
39 33
99 73
54 17
74 79
18 64
68 98
24 95
32 66
76 19
48 70
48 48
66 29
33 84
87 44
45 27
98 88
11 32
38 29
45 79
48 92
63 87
11 62
70 79
64 2
78 60
11 77
89 16
70 66
11 95
77 36
15 92
91 46
66 15
32 52
0 93
26 61
71 86
84 12
26 67
77 86
25 61
41 23
90 41
91 76
87 81
12 17
72 54
96 91
18 88
41 42
63 54
63 57
12 5
58 71
67 20
27 9
83 93
19 22
94 32
38 23
16 58
78 47
80 2
24 22
65 63
99 84
80 14
8 60
65 17
22 11
66 22
80 31
63 78
71 72
20 22
10 89
68 59
17 33
1 31
44 22
77 70
72 69
34 11
8 87
98 21
15 18
6 94
84 3
92 93
52 83
51 41
81 17
17 55
84 33
14 41
58 19
18 1
5 4
19 70
8 67
87 31
48 95
65 86
47 74
79 92
28 68
20 40
65 61
53 59
81 83
2 60
45 5
89 22
37 54
12 13
31 33
15 41
33 57
97 77
54 60
82 24
3 37
95 82
96 45
27 66
93 63
17 87
39 50
42 37
64 8
12 51
55 11
43 2
62 36
7 54
17 80
71 11
94 90
18 35
65 42
51 42
16 39
83 95
69 18
94 30
96 43
80 72
76 96
52 25
59 9
58 96
21 3
19 12
88 62
67 62
84 59
35 58
86 37
70 19
57 41
79 84
8 76
21 44
39 59
18 68
51 74
73 14
79 29
47 69
42 58
22 29
28 54
29 1
93 5
92 57
42 13
45 63
66 69
7 17
4 50
75 0
67 45
90 49
64 72
5 46
8 47
51 34
82 83
63 8
7 80
35 81
97 44
8 22
58 79
75 49
39 19
31 94
19 39
96 65
9 8
46 64
26 78
23 51
50 46
26 8
87 50
59 90
11 46
32 93
49 0
6 37
41 26
30 65
13 45
79 48
68 39
24 87
5 5
53 38
25 97
0 65
98 74
74 49
1 5
1 39
28 85
23 8
69 21
79 74
66 65
32 90
74 65
90 2
89 78
23 81
37 51
64 61
8 99
53 64
34 77
81 94
72 45
47 55
71 46
70 4
2 99
15 19
61 41
36 38
99 54
44 24
13 76
15 43
81 53
97 68
74 41
27 3
99 70
99 65
92 41
9 80
38 45
3 47
2 5
10 96
82 5
24 54
14 27
3 86
8 0
68 45
52 20
48 40
65 94
21 86
3 57
64 44
20 50
5 84
85 60
62 34
77 68
9 1
95 41
57 19
96 19
63 80
9 37
62 61
85 6
39 97
12 19
17 10
38 80
88 80
43 76
33 68
19 54
70 72
65 18
89 11
63 17
69 5
85 73
57 76
14 90
94 42
62 16
16 12
95 44
66 55
77 95
36 35
53 97
66 63
33 89
47 90
45 46
27 0
67 21
83 89
28 58
99 46
72 65
50 15
49 61
27 81
22 62
49 75
32 61
96 74
94 97
82 49
64 36
13 10
69 16
75 11
94 74
49 70
89 26
9 88
43 98
43 89
18 43
36 89
38 91
98 23
38 90
22 50
58 63
0 11
21 55
93 15
30 21
82 52
4 5
51 32
48 80
90 74
13 32
56 21
13 38
57 52
71 90
51 63
76 15
93 17
70 21
67 46
46 76
26 99
64 76
40 15
30 45
72 17
88 61
2 68
41 55
6 44
12 94
56 1
7 51
67 92
79 19
33 36
61 21
41 40
0 27
80 62
7 11
21 78
78 15
16 25
72 57
6 7
57 97
16 52
84 86
8 31
51 9
73 77
24 7
50 43
54 15
62 42
43 3
39 34
15 95
47 53
25 98
54 32
95 32
70 39
17 18
87 39
33 41
42 91
21 68
41 18
30 14
61 29
79 50
55 6
45 22
60 9
9 35
74 84
53 81
25 59
34 96
31 31
64 80
76 58
50 3
82 53
32 86
14 26
94 9
91 38
80 50
53 2
84 40
88 76
28 11
9 67
63 66
15 22
91 47
32 48
59 69
46 66
29 20
9 85
38 63
22 17
86 35
23 15
38 83
95 79
76 26
33 86
78 66
44 30
3 45
7 47
35 72
89 10
90 64
45 3
23 53
31 69
49 56
59 12
72 40
80 82
41 76
37 32
8 24
56 25
34 95
53 57
86 91
67 42
25 96
94 11
42 38
80 7
52 41
83 36
5 49
74 33
6 76
93 98
95 3
72 19
86 12
5 56
95 31
31 43
49 45
40 85
2 83
62 46
71 30
25 25
67 12
29 51
63 31
22 84
39 55
63 97
2 4
93 32
41 51
86 17
55 74
11 27
45 33
82 94
86 28
79 94
44 47
48 79
96 97
69 68
20 16
25 3
15 8
75 60
75 73
70 43
47 33
63 71
82 84
86 82
83 50
17 9
62 24
42 64
39 15
59 82
0 84
86 32
5 15
58 13
22 31
19 73
70 5
48 63
19 18
64 64
68 66
83 76
24 55
62 78
37 59
40 80
24 34
85 4
6 60
12 15
13 16
40 98
23 12
18 79
23 17
61 73
91 45
37 60
69 8
9 7
7 0
22 27
43 52
87 91
63 95
66 2
28 30
79 45
50 66
38 37
76 69
27 89
42 93
20 0
6 0
77 45
36 8
42 53
0 0
80 61
47 61
3 85
17 15
94 12
57 61
51 38
64 51
96 44
11 23
3 26
54 36
62 29
22 49
24 39
31 95
89 31
78 81
77 61
25 48
80 39
54 71
78 65
30 36
6 17
7 97
64 70
44 10
98 24
56 19
43 87
27 56
6 23
69 40
51 33
17 56
41 49
98 73
68 25
20 2
66 66
20 96
51 57
27 45
98 62
0 95
6 63
48 20
96 78
82 48
68 58
50 84
25 9
4 72
70 75
50 1
29 85
46 28
96 11
38 5
87 21
34 56
15 79
9 14
33 67
81 40
58 44
69 92
12 67
45 13
31 84
88 97
92 72
74 42
69 31
23 39
30 4
52 57
85 83
13 72
61 60
24 56
69 79
80 77
97 37
38 11
26 89
21 72
38 16
78 34
23 5
86 14
25 76
99 67
65 74
38 60
57 23
5 41
21 45
28 90
88 68
50 85
23 46
7 39
80 75
52 76
2 66
21 81
32 77
17 96
68 11
25 20
46 13
76 37
51 65
90 81
73 29
18 55
79 95
7 85
63 88
20 14
86 69
6 50
2 43
9 43
35 50
46 44
90 86
45 40
77 32
1 59
34 35
58 39
36 13
81 22
51 99
69 82
75 23
31 52
12 41
37 19
47 9
20 88
23 92
97 34
37 27
97 2
98 52
81 35
30 15
10 69
5 48
30 34
87 23
33 27
57 99
94 59
65 20
94 94
44 0
76 91
33 46
32 15
70 42
40 27
31 99
1 48
28 25
86 67
87 99
56 80
3 4
36 79
68 6
49 41
17 23
2 91
54 28
97 53
33 7
88 3
63 84
98 89
77 57
10 40
28 17
46 36
83 9
54 99
88 4
80 84
73 91
14 70
83 85
62 41
8 29
8 4
66 9
24 69
12 9
29 91
36 50
58 64
28 52
97 59
16 11
68 4
1 10
64 53
84 60
31 85
30 16
68 96
23 85
62 7
96 35
12 4
33 20
98 11
25 83
28 7
46 61
66 95
94 64
38 47
62 82
47 79
82 19
27 37
39 31
63 51
4 68
29 93
74 61
86 42
34 22
31 35
10 56
85 5
54 23
4 66
9 48
14 13
41 2
7 90
47 24
80 4
64 22
5 64
56 3
97 36
74 72
99 27
36 60
30 88
43 34
30 10
74 27
82 76
42 52
95 95
71 8
37 35
33 25
97 61
99 90
51 98
65 43
7 10
3 90
11 9
66 74
89 91
22 72
7 30
73 2
19 5
76 93
38 30
0 13
7 82
60 49
55 63
62 98
4 75
68 68
75 2
69 42
34 63
57 8
39 53
28 18
39 64
58 56
70 60
22 52
27 77
36 46
58 89
0 80
67 78
44 28
89 75
39 67
72 24
55 32
69 13
37 47
29 27
97 73
75 28
37 84
75 99
57 56
39 47
78 37
58 66
94 62
26 44
64 41
94 17
88 81
24 41
12 56
24 19
45 23
21 0
23 88
56 91
82 20
55 35
37 11
42 25
90 60
70 24
89 25
65 30
38 88
71 65
16 85
25 13
43 55
20 33
2 46
85 55
45 99
51 29
90 36
42 55
75 57
74 99
84 94
38 74
87 2
37 10
1 67
44 87
83 92
86 90
13 78
53 25
71 21
54 35
81 10
57 35
16 55
20 7
14 48
97 43
39 92
45 10
67 11
89 69
61 86
31 86
45 9
44 38
53 63
93 87
85 11
49 31
11 40
72 91
50 11
75 1
11 22
95 62
17 67
88 33
37 44
0 94
83 32
96 24
41 4
14 9
26 77
93 33
15 44
7 87
59 58
52 19
46 52
88 65
40 97
23 28
36 51
82 9
51 27
61 87
67 75
87 80
48 5
15 53
37 97
31 66
58 83
74 56
90 51
53 22
95 34
84 21
64 45
85 57
62 40
27 32
62 68
92 12
92 97
58 30
96 46
36 26
69 1
72 26
56 73
79 39
73 18
92 25
27 57
0 97
98 41
52 61
4 12
36 5
55 66
95 11
11 85
44 84
64 62
91 69
96 37
35 63
16 28
76 85
29 96
37 55
81 15
98 78
43 12
62 86
49 13
6 9
26 36
6 55
99 37
19 93
9 13
79 79
20 55
54 66
11 82
91 80
69 93
69 65
58 12
76 49
16 81
40 68
79 35
34 90
7 31
86 75
39 93
84 87
87 61
98 37
80 99
65 51
29 5
29 92
87 83
85 48
5 30
66 1
85 78
14 71
6 97
40 2
60 71
85 85
66 82
16 60
21 30
2 26
67 89
64 50
58 28
15 12
66 48
78 41
80 28
18 29
52 56
1 75
54 45
79 33
98 29
36 16
81 76
84 2
35 32
61 76
19 99
63 52
98 5
62 48
52 93
21 52
76 72
17 62
3 65
93 8
73 75
5 77
21 4
21 11
20 44
39 38
97 27
35 57
63 64
68 53
50 72
76 90
92 29
98 80
42 81
63 63
28 28
39 94
56 48
47 13
35 36
15 40
89 72
9 42
36 81
41 58
13 74
69 99
26 28
76 60
54 52
18 92
1 90
74 46
91 24
0 45
59 0
43 5
91 14
52 80
30 18
93 71
86 6
52 84
20 8
73 72
90 94
28 60
9 64
54 56
27 95
9 22
79 28
3 64
48 64
94 88
37 94
27 74
75 41
24 75
36 53
99 2
63 89
5 24
49 91
95 33
7 67
38 69
7 49
41 57
57 70
61 70
80 41
77 37
64 20
74 39
46 73
62 5
73 9
91 52
6 46
72 37
91 9
87 98
38 65
21 88
75 44
99 30
57 95
54 98
4 53
81 29
18 31
16 71
97 0
81 57
62 12
3 13
32 2
92 18
38 36
48 99
78 95
13 44
1 72
13 6
96 95
88 64
93 35
77 94
10 86
34 4
88 41
59 87
77 39
60 6
59 32
80 27
87 62
95 53
37 49
40 50
6 14
81 34
86 73
23 68
62 43
83 44
74 17
70 34
36 44
95 23
49 71
23 26
26 2
45 73
91 29
60 43
86 84
12 23
83 65
46 8
10 10
64 40
77 66
78 30
26 73
55 57
27 20
97 31
79 21
35 27
28 38
3 94
66 18
22 14
51 62
82 91
70 6
96 26
95 97
60 1
21 18
92 81
76 5
98 87
72 15
66 71
25 74
6 73
7 62
1 78
29 3
1 76
35 30
99 88
17 47
78 48
68 20
79 60
89 23
60 89
63 4
68 41
11 88
28 14
93 73
84 84
40 14
32 21
97 15
47 38
56 7
56 41
87 58
52 59
46 45
16 59
69 49
32 46
26 84
32 45
12 20
64 99
71 66
1 89
78 80
12 74
12 93
42 45
7 5
85 75
24 37
4 23
90 55
9 16
20 51
6 35
88 6
44 7
77 25
22 32
60 8
7 42
47 72
6 83
29 56
96 8
77 16
21 83
75 27
32 30
33 21
86 16
58 52
32 29
77 55
93 72
98 39
88 32
33 35
82 54
15 5
62 17
25 38
12 0
50 52
49 62
11 48
74 3
16 94
11 31
42 86
53 80
57 36
92 19
12 52
93 68
68 69
96 12
45 11
46 81
11 50
87 24
23 3
81 45
13 23
77 38
8 78
40 10
22 41
49 57
5 17
2 39
13 3
23 84
81 99
14 98
14 85
92 0
97 70
85 25
23 25
71 88
84 65
88 57
26 70
68 93
12 31
11 72
17 24
76 21
71 76
32 12
88 83
63 67
55 45
46 97
62 10
74 55
46 60
4 84
93 37
15 33
30 26
33 26
36 90
16 69
57 14
95 19
61 17
2 18
12 6
10 87
12 55
45 88
8 85
48 58
63 91
1 1
86 59
0 78
78 27
4 69
30 9
20 61
13 53
55 5
51 86
69 62
33 8
1 0
83 87
55 43
16 9
98 97
72 86
64 95
66 50
43 7
17 22
60 92
73 33
20 43
68 76
61 95
94 34
88 34
28 50
67 98
87 76
45 72
13 93
77 60
30 53
71 92
23 27
4 38
83 12
74 18
98 10
41 28
99 26
98 16
73 26
0 33
4 18
50 18
64 29
47 77
45 64
42 24
48 93
74 50
62 85
24 89
35 82
65 62
1 29
94 28
25 17
23 79
36 11
98 85
78 70
81 50
50 16
18 21
87 85
17 73
69 51
21 14
92 54
41 81
71 91
87 22
40 81
69 81
12 24
37 73
83 43
25 5
8 46
43 15
21 6
29 62
29 50
67 8
66 40
84 74
67 49
32 75
58 23
8 32
99 10
9 83
90 39
1 6
16 31
78 84
91 93
23 60
11 63
5 67
19 38
8 58
2 74
62 96
94 87
81 77
55 33
68 87
51 88
24 77
55 91
41 41
45 91
65 98
80 9
5 26
8 64
9 45
43 58
71 13
74 67
82 56
40 26
58 42
11 19
87 53
24 23
12 3
68 49
21 22
22 67
41 52
38 46
28 12
78 17
30 60
7 99
46 82
55 14
99 68
37 86
51 28
47 83
19 51
80 25
89 81
38 51
65 39
84 77
3 96
1 22
4 46
53 16
51 11
18 14
80 73
90 7
92 58
62 9
90 35
13 96
52 63
58 80
12 33
47 43
92 36
29 70
35 13
32 22
70 86
57 21
33 4
65 75
12 42
72 23
0 18
50 25
5 96
95 48
90 18
39 14
57 0
9 92
13 50
24 11
90 23
97 52
37 96
85 40
35 43
19 55
20 70
44 69
85 33
17 78
34 53
82 30
8 30
3 41
70 61
54 57
89 45
50 10
18 37
56 26
18 59
72 85
91 21
17 60
87 95
76 86
70 62
37 66
19 43
59 44
44 9
8 98
96 98
0 67
50 31
54 59
42 63
46 3
40 16
76 17
82 86
33 39
85 50
74 83
85 76
60 90
89 42
81 86
14 66
35 0
28 24
44 81
73 39
57 86
76 68
64 12
44 75
63 47
15 91
98 43
21 23
22 97
66 90
47 32
1 36
95 46
40 56
71 19
67 85
28 27
21 36
11 97
73 28
79 96
43 17
96 67
83 10
4 88
92 79
84 50
83 51
41 15
31 27
21 25
90 78
70 12
1 97
49 42
87 74
48 53
49 28
19 83
18 27
3 31
46 90
56 96
85 84
77 90
93 62
42 62
24 12
63 86
80 48
10 41
14 50
80 93
66 98
10 91
84 26
0 58
47 18
39 0
11 69
85 62
57 31
19 13
30 70
88 89
48 15
42 70
77 15
47 41
28 32
58 68
78 40
77 27
33 42
16 72
19 63
63 5
91 18
28 47
69 9
66 3
5 47
1 85
92 4
74 37
10 18
19 97
50 94
70 65
55 42
10 92
13 58
73 12
44 39
62 3
76 88
87 78
35 76
25 69
38 89
40 38
49 6
46 41
24 82
53 77
62 38
91 31
99 95
99 43
13 82
73 5
1 91
25 67
11 6
37 23
66 25
38 18
17 40
1 13
2 50
32 92
72 18
46 12
45 49
11 37
61 20
92 34
13 28
38 2
33 55
67 74
39 29
73 88
2 95
18 65
58 41
67 84
43 32
35 31
26 64
46 20
33 10
80 85
16 8
57 26
45 83
5 50
84 62
79 40
16 4
96 40
33 61
4 44
39 70
3 8
97 21
61 65
98 14
33 79
39 43
21 24
90 45
11 41
61 9
5 36
58 34
85 92
36 45
3 24
19 57
11 14
5 82
8 74
83 4
31 18
66 43
22 35
37 43
84 67
72 1
15 99
81 54
42 33
50 93
10 67
89 94
96 85
83 62
56 89
74 13
49 18
48 76
47 19
13 65
43 86
37 82
42 9
76 3
10 63
92 33
45 62
35 28
61 40
52 90
88 53
17 88
2 29
12 14
40 57
8 38
83 77
50 27
97 83
43 94
50 53
48 22
49 11
24 1
79 23
91 66
50 13
32 64
86 92
21 73
74 0
42 75
20 79
2 96
38 34
69 43
69 0
39 40
24 94
30 49
59 13
25 37
24 5
80 36
43 37
5 73
17 17
95 76
48 77
87 77
77 85
16 35
85 22
23 50
20 17
24 70
49 85
49 44
42 22
71 61
90 16
5 12
90 80
7 74
14 15
42 76
96 61
20 58
75 62
81 31
0 71
85 90
42 50
51 17
57 7
92 73
64 16
28 20
72 61
3 72
68 64
68 73
85 81
91 8
94 75
36 33
90 20
88 90
9 75
74 14
58 60
82 10
7 75
27 22
57 45
87 57
62 32
20 60
93 13
27 28
28 80
52 24
72 50
86 61
51 40
24 59
28 37
36 39
32 51
58 26
43 51
39 75
74 91
53 58
71 14
54 24
94 10
21 27
68 62
47 49
74 57
99 51
95 8
59 68
87 41
10 32
0 57
90 70
29 68
62 23
48 38
20 76
24 65
26 30
66 35
16 64
81 59
36 91
2 97
17 98
47 99
15 49
47 68
45 35
18 97
74 23
65 99
85 95
95 7
42 23
35 92
92 53
3 43
88 26
70 55
91 22
70 97
68 38
21 40
73 15
89 60
57 33
59 70
13 64
4 74
49 22
96 22
96 38
17 41
74 24
53 0
28 3
46 70
99 9
73 66
41 19
45 82
86 3
64 25
31 51
81 27
67 17
92 65
54 93
19 36
6 91
98 58
46 80
91 73
46 18
44 43
90 24
91 59
8 71
89 28
65 6
84 13
32 19
13 22
0 62
97 65
84 75
11 8
36 64
41 33
28 8
51 94
56 44
31 28
63 39
67 37
25 42
71 80
80 49
40 95
55 97
75 34
98 76
45 41
48 67
69 15
86 44
22 25
48 72
50 44
53 90
73 52
83 27
72 28
35 12
57 90
1 60
15 83
91 72
57 48
31 26
43 73
48 9
66 93
1 82
81 21
74 62
19 26
45 34
83 75
41 90
6 47
54 7
90 97
25 29
48 30
28 13
9 72
43 38
60 62
16 45
95 72
50 98
15 9
40 20
91 13
94 95
43 50
10 20
0 50
31 68
74 35
25 56
10 64
40 71
47 52
93 19
55 15
69 32
64 86
19 28
62 87
3 25
37 18
34 29
81 51
76 34
42 89
62 15
7 13
35 34
36 92
85 45
49 8
30 73
88 71
24 15
72 43
28 96
54 58
41 6
6 68
78 86
79 66
2 78
65 84
4 17
32 99
19 33
21 65
8 1
2 87
55 82
78 79
8 37
42 20
67 70
46 55
1 52
51 78
2 80
52 7
89 30
20 31
14 96
43 83
50 4
72 44
38 52
45 60
88 31
25 77
63 46
20 41
73 11
40 51
6 79
28 89
73 31
76 97
25 10
0 23
40 65
95 71
91 11
92 23
95 16
95 77
42 14
72 5
47 60
63 73
61 81
51 37
31 80
20 24
24 28
8 94
48 98
7 37
4 11
17 91
79 43
71 47
53 31
58 99
14 97
22 13
24 99
77 58
93 7
5 66
99 74
54 86
74 82
59 55
94 61
53 82
27 13
11 56
91 71
6 19
51 92
97 79
9 39
21 15
60 15
40 25
3 19
25 32
42 72
14 32
94 82
64 13
69 44
68 85
32 88
96 41
28 67
51 45
36 72
19 6
20 57
9 89
45 4
23 97
37 14
44 79
47 82
4 57
96 82
86 85
79 10
57 3
34 73
1 40
92 44
96 2
27 15
86 36
54 95
77 50
84 80
51 75
73 38
22 93
48 6
80 55
96 53
71 25
52 37
44 5
96 4
97 75
65 56
96 48
82 42
17 71
7 28
30 68
77 64
59 61
99 16
76 0
82 95
44 31
80 90
69 4
9 40
63 58
54 18
37 89
65 4
8 5
48 27
58 82
35 29
88 50
46 46
53 41
33 53
74 81
61 96
76 84
86 76
77 89
77 19
1 25
3 91
79 5
42 74
69 84
2 94
92 45
2 84
92 95
18 38
60 87
32 82
22 6
82 85
7 56
83 88
13 61
94 83
86 1
72 0
87 63
85 31
75 87
56 65
28 39
70 54
79 93
90 12
73 19
42 98
82 70
28 95
83 60
17 51
5 22
68 92
53 73
35 15
46 51
58 37
41 96
30 48
40 91
40 18
90 43
38 86
73 63
50 34
40 94
6 52
64 5
2 31
18 36
55 73
94 68
47 31
36 43
8 7
65 34
59 65
67 53
7 52
20 53
10 27
93 95
33 52
45 25
5 94
59 23
64 90
73 50
6 67
75 91
62 27
38 39
69 35
19 49
71 18
94 55
49 83
18 28
11 12
41 99
27 71
39 96
49 49
8 40
23 73
47 98
68 57
64 81
5 35
28 79
35 84
82 65
37 34
38 49
7 48
12 89
61 42
18 51
59 5
42 43
54 3
13 36
42 30
62 70
88 49
18 39
90 65
63 96
59 21
75 61
38 62
73 78
74 77
41 12
34 10
45 90
52 47
97 97
36 24
66 84
62 84
49 58
84 15
73 64
86 83
55 29
86 2
36 77
68 30
70 0
82 3
29 40
24 50
90 48
3 2
89 8
15 81
9 33
26 9
4 71
91 55
26 17
71 77
44 35
63 82
13 56
24 38
56 86
22 77
32 10
43 41
70 96
70 51
22 92
76 28
21 93
22 95
81 47
67 97
96 57
20 77
28 74
33 5
49 90
70 71
36 32
83 79
63 92
36 17
87 51
29 34
53 11
21 53
91 10
75 97
41 35
37 46
61 33
55 7
23 1
41 37
51 0
70 20
10 94
94 47
30 96
14 19
10 29
57 24
59 38
68 27
82 46
79 88
20 87
4 39
12 64
11 74
46 94
73 59
59 92
86 9
96 63
3 27
35 90
25 88
81 97
3 42
6 61
94 81
26 92
11 73
28 5
89 14
73 20
39 41
69 39
5 6
18 53
91 70
46 43
87 52
48 83
52 27
41 29
39 49
78 61
86 94
74 4
52 6
85 35
54 34
84 56
68 19
21 8
63 48
10 83
60 28
17 25
51 13
86 89
16 56
48 24
23 58
59 20
93 74
40 37
29 78
7 25
80 0
23 23
14 12
98 68
75 18
99 71
87 42
44 72
7 89
16 44
70 27
58 88
53 21
52 70
98 6
29 0
26 23
84 83
83 13
89 64
56 79
99 24
16 40
99 4
27 83
36 23
17 20
80 23
3 87
0 7
25 30
51 25
89 27
88 7
99 62
90 87
52 39
78 24
46 40
65 0
2 32
66 46
55 3
77 4
19 17
78 72
62 0
37 36
10 52
20 65
22 3
54 69
5 98
5 25
96 72
30 5
84 58
83 94
46 16
24 88
96 29
57 62
30 81
18 22
21 5
21 28
61 57
10 36
33 87
12 34
66 76
8 26
39 95
86 98
93 69
38 61
3 50
8 6
7 95
84 73
58 95
3 58
33 97
76 55
25 36
98 20
4 96
55 55
97 86
76 54
25 11
68 18
54 48
10 1
35 9
47 71
61 31
16 23
69 2
73 51
29 24
24 57
89 84
69 38
45 0
69 48
8 18
93 78
87 19
86 99
52 38
44 32
34 89
49 96
95 5
45 68
37 21
76 50
23 29
77 75
5 92
43 96
16 54
70 85
59 62
64 68
31 40
78 26
57 22
15 35
18 2
23 49
80 98
82 32
58 4
8 28
35 4
19 71
56 53
40 39
52 34
15 16
62 55
5 63
26 0
87 68
32 37
96 62
69 17
1 87
2 9
2 90
79 3
67 83
75 14
86 23
78 89
43 70
44 45
47 57
2 23
